TITLE = "Post Processing Tecplot"
VARIABLES = "X","Y","T"
ZONE T="BIG ZONE", I=52, J=52, DATAPACKING=POINT
-0.010000,-0.010000,1.000000
0.010000,-0.010000,1.000000
0.030000,-0.010000,1.000000
0.050000,-0.010000,1.000000
0.070000,-0.010000,1.000000
0.090000,-0.010000,1.000000
0.110000,-0.010000,1.000000
0.130000,-0.010000,1.000000
0.150000,-0.010000,1.000000
0.170000,-0.010000,1.000000
0.190000,-0.010000,1.000000
0.210000,-0.010000,1.000000
0.230000,-0.010000,1.000000
0.250000,-0.010000,1.000000
0.270000,-0.010000,1.000000
0.290000,-0.010000,1.000000
0.310000,-0.010000,1.000000
0.330000,-0.010000,1.000000
0.350000,-0.010000,1.000000
0.370000,-0.010000,1.000000
0.390000,-0.010000,1.000000
0.410000,-0.010000,1.000000
0.430000,-0.010000,1.000000
0.450000,-0.010000,1.000000
0.470000,-0.010000,1.000000
0.490000,-0.010000,1.000000
0.510000,-0.010000,1.000000
0.530000,-0.010000,1.000000
0.550000,-0.010000,1.000000
0.570000,-0.010000,1.000000
0.590000,-0.010000,1.000000
0.610000,-0.010000,1.000000
0.630000,-0.010000,1.000000
0.650000,-0.010000,1.000000
0.670000,-0.010000,1.000000
0.690000,-0.010000,1.000000
0.710000,-0.010000,1.000000
0.730000,-0.010000,1.000000
0.750000,-0.010000,1.000000
0.770000,-0.010000,1.000000
0.790000,-0.010000,1.000000
0.810000,-0.010000,1.000000
0.830000,-0.010000,1.000000
0.850000,-0.010000,1.000000
0.870000,-0.010000,1.000000
0.890000,-0.010000,1.000000
0.910000,-0.010000,1.000000
0.930000,-0.010000,1.000000
0.950000,-0.010000,1.000000
0.970000,-0.010000,1.000000
0.990000,-0.010000,1.000000
1.010000,-0.010000,1.000000
-0.010000,0.010000,1.000000
0.010000,0.010000,1.000000
0.030000,0.010000,1.000000
0.050000,0.010000,1.000000
0.070000,0.010000,1.000000
0.090000,0.010000,1.000000
0.110000,0.010000,1.000000
0.130000,0.010000,1.000000
0.150000,0.010000,1.000000
0.170000,0.010000,1.000000
0.190000,0.010000,1.000000
0.210000,0.010000,1.000000
0.230000,0.010000,1.000000
0.250000,0.010000,1.000000
0.270000,0.010000,1.000000
0.290000,0.010000,1.000000
0.310000,0.010000,1.000000
0.330000,0.010000,1.000000
0.350000,0.010000,1.000000
0.370000,0.010000,1.000001
0.390000,0.010000,1.000001
0.410000,0.010000,1.000001
0.430000,0.010000,1.000001
0.450000,0.010000,1.000001
0.470000,0.010000,1.000001
0.490000,0.010000,1.000001
0.510000,0.010000,1.000001
0.530000,0.010000,1.000001
0.550000,0.010000,1.000001
0.570000,0.010000,1.000001
0.590000,0.010000,1.000001
0.610000,0.010000,1.000001
0.630000,0.010000,1.000001
0.650000,0.010000,1.000000
0.670000,0.010000,1.000000
0.690000,0.010000,1.000000
0.710000,0.010000,1.000000
0.730000,0.010000,1.000000
0.750000,0.010000,1.000000
0.770000,0.010000,1.000000
0.790000,0.010000,1.000000
0.810000,0.010000,1.000000
0.830000,0.010000,1.000000
0.850000,0.010000,1.000000
0.870000,0.010000,1.000000
0.890000,0.010000,1.000000
0.910000,0.010000,1.000000
0.930000,0.010000,1.000000
0.950000,0.010000,1.000000
0.970000,0.010000,1.000000
0.990000,0.010000,1.000000
1.010000,0.010000,1.000000
-0.010000,0.030000,1.000000
0.010000,0.030000,1.000000
0.030000,0.030000,1.000000
0.050000,0.030000,1.000000
0.070000,0.030000,1.000000
0.090000,0.030000,1.000000
0.110000,0.030000,1.000000
0.130000,0.030000,1.000000
0.150000,0.030000,1.000000
0.170000,0.030000,1.000000
0.190000,0.030000,1.000000
0.210000,0.030000,1.000000
0.230000,0.030000,1.000000
0.250000,0.030000,1.000000
0.270000,0.030000,1.000000
0.290000,0.030000,1.000000
0.310000,0.030000,1.000001
0.330000,0.030000,1.000001
0.350000,0.030000,1.000001
0.370000,0.030000,1.000001
0.390000,0.030000,1.000002
0.410000,0.030000,1.000002
0.430000,0.030000,1.000002
0.450000,0.030000,1.000003
0.470000,0.030000,1.000003
0.490000,0.030000,1.000003
0.510000,0.030000,1.000003
0.530000,0.030000,1.000003
0.550000,0.030000,1.000003
0.570000,0.030000,1.000002
0.590000,0.030000,1.000002
0.610000,0.030000,1.000002
0.630000,0.030000,1.000001
0.650000,0.030000,1.000001
0.670000,0.030000,1.000001
0.690000,0.030000,1.000001
0.710000,0.030000,1.000000
0.730000,0.030000,1.000000
0.750000,0.030000,1.000000
0.770000,0.030000,1.000000
0.790000,0.030000,1.000000
0.810000,0.030000,1.000000
0.830000,0.030000,1.000000
0.850000,0.030000,1.000000
0.870000,0.030000,1.000000
0.890000,0.030000,1.000000
0.910000,0.030000,1.000000
0.930000,0.030000,1.000000
0.950000,0.030000,1.000000
0.970000,0.030000,1.000000
0.990000,0.030000,1.000000
1.010000,0.030000,1.000000
-0.010000,0.050000,1.000000
0.010000,0.050000,1.000000
0.030000,0.050000,1.000000
0.050000,0.050000,1.000000
0.070000,0.050000,1.000000
0.090000,0.050000,1.000000
0.110000,0.050000,1.000000
0.130000,0.050000,1.000000
0.150000,0.050000,1.000000
0.170000,0.050000,1.000000
0.190000,0.050000,1.000000
0.210000,0.050000,1.000000
0.230000,0.050000,1.000000
0.250000,0.050000,1.000000
0.270000,0.050000,1.000001
0.290000,0.050000,1.000001
0.310000,0.050000,1.000001
0.330000,0.050000,1.000002
0.350000,0.050000,1.000002
0.370000,0.050000,1.000003
0.390000,0.050000,1.000004
0.410000,0.050000,1.000005
0.430000,0.050000,1.000006
0.450000,0.050000,1.000007
0.470000,0.050000,1.000007
0.490000,0.050000,1.000007
0.510000,0.050000,1.000007
0.530000,0.050000,1.000007
0.550000,0.050000,1.000007
0.570000,0.050000,1.000006
0.590000,0.050000,1.000005
0.610000,0.050000,1.000004
0.630000,0.050000,1.000003
0.650000,0.050000,1.000002
0.670000,0.050000,1.000002
0.690000,0.050000,1.000001
0.710000,0.050000,1.000001
0.730000,0.050000,1.000001
0.750000,0.050000,1.000000
0.770000,0.050000,1.000000
0.790000,0.050000,1.000000
0.810000,0.050000,1.000000
0.830000,0.050000,1.000000
0.850000,0.050000,1.000000
0.870000,0.050000,1.000000
0.890000,0.050000,1.000000
0.910000,0.050000,1.000000
0.930000,0.050000,1.000000
0.950000,0.050000,1.000000
0.970000,0.050000,1.000000
0.990000,0.050000,1.000000
1.010000,0.050000,1.000000
-0.010000,0.070000,1.000000
0.010000,0.070000,1.000000
0.030000,0.070000,1.000000
0.050000,0.070000,1.000000
0.070000,0.070000,1.000000
0.090000,0.070000,1.000000
0.110000,0.070000,1.000000
0.130000,0.070000,1.000000
0.150000,0.070000,1.000000
0.170000,0.070000,1.000000
0.190000,0.070000,1.000000
0.210000,0.070000,1.000000
0.230000,0.070000,1.000000
0.250000,0.070000,1.000001
0.270000,0.070000,1.000001
0.290000,0.070000,1.000002
0.310000,0.070000,1.000003
0.330000,0.070000,1.000004
0.350000,0.070000,1.000006
0.370000,0.070000,1.000007
0.390000,0.070000,1.000009
0.410000,0.070000,1.000011
0.430000,0.070000,1.000013
0.450000,0.070000,1.000015
0.470000,0.070000,1.000016
0.490000,0.070000,1.000017
0.510000,0.070000,1.000017
0.530000,0.070000,1.000016
0.550000,0.070000,1.000015
0.570000,0.070000,1.000013
0.590000,0.070000,1.000011
0.610000,0.070000,1.000009
0.630000,0.070000,1.000007
0.650000,0.070000,1.000006
0.670000,0.070000,1.000004
0.690000,0.070000,1.000003
0.710000,0.070000,1.000002
0.730000,0.070000,1.000001
0.750000,0.070000,1.000001
0.770000,0.070000,1.000000
0.790000,0.070000,1.000000
0.810000,0.070000,1.000000
0.830000,0.070000,1.000000
0.850000,0.070000,1.000000
0.870000,0.070000,1.000000
0.890000,0.070000,1.000000
0.910000,0.070000,1.000000
0.930000,0.070000,1.000000
0.950000,0.070000,1.000000
0.970000,0.070000,1.000000
0.990000,0.070000,1.000000
1.010000,0.070000,1.000000
-0.010000,0.090000,1.000000
0.010000,0.090000,1.000000
0.030000,0.090000,1.000000
0.050000,0.090000,1.000000
0.070000,0.090000,1.000000
0.090000,0.090000,1.000000
0.110000,0.090000,1.000000
0.130000,0.090000,1.000000
0.150000,0.090000,1.000000
0.170000,0.090000,1.000000
0.190000,0.090000,1.000000
0.210000,0.090000,1.000001
0.230000,0.090000,1.000001
0.250000,0.090000,1.000002
0.270000,0.090000,1.000003
0.290000,0.090000,1.000004
0.310000,0.090000,1.000006
0.330000,0.090000,1.000009
0.350000,0.090000,1.000012
0.370000,0.090000,1.000016
0.390000,0.090000,1.000021
0.410000,0.090000,1.000025
0.430000,0.090000,1.000030
0.450000,0.090000,1.000033
0.470000,0.090000,1.000036
0.490000,0.090000,1.000038
0.510000,0.090000,1.000038
0.530000,0.090000,1.000036
0.550000,0.090000,1.000033
0.570000,0.090000,1.000030
0.590000,0.090000,1.000025
0.610000,0.090000,1.000021
0.630000,0.090000,1.000016
0.650000,0.090000,1.000012
0.670000,0.090000,1.000009
0.690000,0.090000,1.000006
0.710000,0.090000,1.000004
0.730000,0.090000,1.000003
0.750000,0.090000,1.000002
0.770000,0.090000,1.000001
0.790000,0.090000,1.000001
0.810000,0.090000,1.000000
0.830000,0.090000,1.000000
0.850000,0.090000,1.000000
0.870000,0.090000,1.000000
0.890000,0.090000,1.000000
0.910000,0.090000,1.000000
0.930000,0.090000,1.000000
0.950000,0.090000,1.000000
0.970000,0.090000,1.000000
0.990000,0.090000,1.000000
1.010000,0.090000,1.000000
-0.010000,0.110000,1.000000
0.010000,0.110000,1.000000
0.030000,0.110000,1.000000
0.050000,0.110000,1.000000
0.070000,0.110000,1.000000
0.090000,0.110000,1.000000
0.110000,0.110000,1.000000
0.130000,0.110000,1.000000
0.150000,0.110000,1.000000
0.170000,0.110000,1.000000
0.190000,0.110000,1.000001
0.210000,0.110000,1.000001
0.230000,0.110000,1.000002
0.250000,0.110000,1.000004
0.270000,0.110000,1.000006
0.290000,0.110000,1.000009
0.310000,0.110000,1.000013
0.330000,0.110000,1.000019
0.350000,0.110000,1.000026
0.370000,0.110000,1.000034
0.390000,0.110000,1.000044
0.410000,0.110000,1.000053
0.430000,0.110000,1.000063
0.450000,0.110000,1.000071
0.470000,0.110000,1.000077
0.490000,0.110000,1.000080
0.510000,0.110000,1.000080
0.530000,0.110000,1.000077
0.550000,0.110000,1.000071
0.570000,0.110000,1.000063
0.590000,0.110000,1.000053
0.610000,0.110000,1.000044
0.630000,0.110000,1.000034
0.650000,0.110000,1.000026
0.670000,0.110000,1.000019
0.690000,0.110000,1.000013
0.710000,0.110000,1.000009
0.730000,0.110000,1.000006
0.750000,0.110000,1.000004
0.770000,0.110000,1.000002
0.790000,0.110000,1.000001
0.810000,0.110000,1.000001
0.830000,0.110000,1.000000
0.850000,0.110000,1.000000
0.870000,0.110000,1.000000
0.890000,0.110000,1.000000
0.910000,0.110000,1.000000
0.930000,0.110000,1.000000
0.950000,0.110000,1.000000
0.970000,0.110000,1.000000
0.990000,0.110000,1.000000
1.010000,0.110000,1.000000
-0.010000,0.130000,1.000000
0.010000,0.130000,1.000000
0.030000,0.130000,1.000000
0.050000,0.130000,1.000000
0.070000,0.130000,1.000000
0.090000,0.130000,1.000000
0.110000,0.130000,1.000000
0.130000,0.130000,1.000000
0.150000,0.130000,1.000000
0.170000,0.130000,1.000001
0.190000,0.130000,1.000001
0.210000,0.130000,1.000002
0.230000,0.130000,1.000004
0.250000,0.130000,1.000007
0.270000,0.130000,1.000012
0.290000,0.130000,1.000018
0.310000,0.130000,1.000027
0.330000,0.130000,1.000038
0.350000,0.130000,1.000053
0.370000,0.130000,1.000070
0.390000,0.130000,1.000089
0.410000,0.130000,1.000108
0.430000,0.130000,1.000127
0.450000,0.130000,1.000143
0.470000,0.130000,1.000155
0.490000,0.130000,1.000162
0.510000,0.130000,1.000162
0.530000,0.130000,1.000155
0.550000,0.130000,1.000143
0.570000,0.130000,1.000127
0.590000,0.130000,1.000108
0.610000,0.130000,1.000089
0.630000,0.130000,1.000070
0.650000,0.130000,1.000053
0.670000,0.130000,1.000038
0.690000,0.130000,1.000027
0.710000,0.130000,1.000018
0.730000,0.130000,1.000012
0.750000,0.130000,1.000007
0.770000,0.130000,1.000004
0.790000,0.130000,1.000002
0.810000,0.130000,1.000001
0.830000,0.130000,1.000001
0.850000,0.130000,1.000000
0.870000,0.130000,1.000000
0.890000,0.130000,1.000000
0.910000,0.130000,1.000000
0.930000,0.130000,1.000000
0.950000,0.130000,1.000000
0.970000,0.130000,1.000000
0.990000,0.130000,1.000000
1.010000,0.130000,1.000000
-0.010000,0.150000,1.000000
0.010000,0.150000,1.000000
0.030000,0.150000,1.000000
0.050000,0.150000,1.000000
0.070000,0.150000,1.000000
0.090000,0.150000,1.000000
0.110000,0.150000,1.000000
0.130000,0.150000,1.000000
0.150000,0.150000,1.000001
0.170000,0.150000,1.000001
0.190000,0.150000,1.000003
0.210000,0.150000,1.000005
0.230000,0.150000,1.000008
0.250000,0.150000,1.000014
0.270000,0.150000,1.000022
0.290000,0.150000,1.000035
0.310000,0.150000,1.000052
0.330000,0.150000,1.000074
0.350000,0.150000,1.000102
0.370000,0.150000,1.000136
0.390000,0.150000,1.000172
0.410000,0.150000,1.000210
0.430000,0.150000,1.000247
0.450000,0.150000,1.000278
0.470000,0.150000,1.000302
0.490000,0.150000,1.000314
0.510000,0.150000,1.000314
0.530000,0.150000,1.000302
0.550000,0.150000,1.000278
0.570000,0.150000,1.000247
0.590000,0.150000,1.000210
0.610000,0.150000,1.000172
0.630000,0.150000,1.000136
0.650000,0.150000,1.000102
0.670000,0.150000,1.000074
0.690000,0.150000,1.000052
0.710000,0.150000,1.000035
0.730000,0.150000,1.000022
0.750000,0.150000,1.000014
0.770000,0.150000,1.000008
0.790000,0.150000,1.000005
0.810000,0.150000,1.000003
0.830000,0.150000,1.000001
0.850000,0.150000,1.000001
0.870000,0.150000,1.000000
0.890000,0.150000,1.000000
0.910000,0.150000,1.000000
0.930000,0.150000,1.000000
0.950000,0.150000,1.000000
0.970000,0.150000,1.000000
0.990000,0.150000,1.000000
1.010000,0.150000,1.000000
-0.010000,0.170000,1.000000
0.010000,0.170000,1.000000
0.030000,0.170000,1.000000
0.050000,0.170000,1.000000
0.070000,0.170000,1.000000
0.090000,0.170000,1.000000
0.110000,0.170000,1.000000
0.130000,0.170000,1.000001
0.150000,0.170000,1.000001
0.170000,0.170000,1.000003
0.190000,0.170000,1.000005
0.210000,0.170000,1.000009
0.230000,0.170000,1.000015
0.250000,0.170000,1.000026
0.270000,0.170000,1.000042
0.290000,0.170000,1.000065
0.310000,0.170000,1.000097
0.330000,0.170000,1.000138
0.350000,0.170000,1.000191
0.370000,0.170000,1.000252
0.390000,0.170000,1.000321
0.410000,0.170000,1.000392
0.430000,0.170000,1.000460
0.450000,0.170000,1.000518
0.470000,0.170000,1.000561
0.490000,0.170000,1.000584
0.510000,0.170000,1.000584
0.530000,0.170000,1.000561
0.550000,0.170000,1.000518
0.570000,0.170000,1.000460
0.590000,0.170000,1.000392
0.610000,0.170000,1.000321
0.630000,0.170000,1.000252
0.650000,0.170000,1.000191
0.670000,0.170000,1.000138
0.690000,0.170000,1.000097
0.710000,0.170000,1.000065
0.730000,0.170000,1.000042
0.750000,0.170000,1.000026
0.770000,0.170000,1.000015
0.790000,0.170000,1.000009
0.810000,0.170000,1.000005
0.830000,0.170000,1.000003
0.850000,0.170000,1.000001
0.870000,0.170000,1.000001
0.890000,0.170000,1.000000
0.910000,0.170000,1.000000
0.930000,0.170000,1.000000
0.950000,0.170000,1.000000
0.970000,0.170000,1.000000
0.990000,0.170000,1.000000
1.010000,0.170000,1.000000
-0.010000,0.190000,1.000000
0.010000,0.190000,1.000000
0.030000,0.190000,1.000000
0.050000,0.190000,1.000000
0.070000,0.190000,1.000000
0.090000,0.190000,1.000000
0.110000,0.190000,1.000001
0.130000,0.190000,1.000001
0.150000,0.190000,1.000002
0.170000,0.190000,1.000005
0.190000,0.190000,1.000009
0.210000,0.190000,1.000016
0.230000,0.190000,1.000027
0.250000,0.190000,1.000046
0.270000,0.190000,1.000074
0.290000,0.190000,1.000115
0.310000,0.190000,1.000172
0.330000,0.190000,1.000247
0.350000,0.190000,1.000340
0.370000,0.190000,1.000449
0.390000,0.190000,1.000571
0.410000,0.190000,1.000698
0.430000,0.190000,1.000819
0.450000,0.190000,1.000923
0.470000,0.190000,1.001000
0.490000,0.190000,1.001041
0.510000,0.190000,1.001041
0.530000,0.190000,1.001000
0.550000,0.190000,1.000923
0.570000,0.190000,1.000819
0.590000,0.190000,1.000698
0.610000,0.190000,1.000571
0.630000,0.190000,1.000449
0.650000,0.190000,1.000340
0.670000,0.190000,1.000247
0.690000,0.190000,1.000172
0.710000,0.190000,1.000115
0.730000,0.190000,1.000074
0.750000,0.190000,1.000046
0.770000,0.190000,1.000027
0.790000,0.190000,1.000016
0.810000,0.190000,1.000009
0.830000,0.190000,1.000005
0.850000,0.190000,1.000002
0.870000,0.190000,1.000001
0.890000,0.190000,1.000001
0.910000,0.190000,1.000000
0.930000,0.190000,1.000000
0.950000,0.190000,1.000000
0.970000,0.190000,1.000000
0.990000,0.190000,1.000000
1.010000,0.190000,1.000000
-0.010000,0.210000,1.000000
0.010000,0.210000,1.000000
0.030000,0.210000,1.000000
0.050000,0.210000,1.000000
0.070000,0.210000,1.000000
0.090000,0.210000,1.000000
0.110000,0.210000,1.000001
0.130000,0.210000,1.000002
0.150000,0.210000,1.000004
0.170000,0.210000,1.000008
0.190000,0.210000,1.000015
0.210000,0.210000,1.000027
0.230000,0.210000,1.000047
0.250000,0.210000,1.000078
0.270000,0.210000,1.000127
0.290000,0.210000,1.000197
0.310000,0.210000,1.000293
0.330000,0.210000,1.000420
0.350000,0.210000,1.000579
0.370000,0.210000,1.000766
0.390000,0.210000,1.000974
0.410000,0.210000,1.001190
0.430000,0.210000,1.001396
0.450000,0.210000,1.001574
0.470000,0.210000,1.001705
0.490000,0.210000,1.001775
0.510000,0.210000,1.001775
0.530000,0.210000,1.001705
0.550000,0.210000,1.001574
0.570000,0.210000,1.001396
0.590000,0.210000,1.001190
0.610000,0.210000,1.000974
0.630000,0.210000,1.000766
0.650000,0.210000,1.000579
0.670000,0.210000,1.000420
0.690000,0.210000,1.000293
0.710000,0.210000,1.000197
0.730000,0.210000,1.000127
0.750000,0.210000,1.000078
0.770000,0.210000,1.000047
0.790000,0.210000,1.000027
0.810000,0.210000,1.000015
0.830000,0.210000,1.000008
0.850000,0.210000,1.000004
0.870000,0.210000,1.000002
0.890000,0.210000,1.000001
0.910000,0.210000,1.000000
0.930000,0.210000,1.000000
0.950000,0.210000,1.000000
0.970000,0.210000,1.000000
0.990000,0.210000,1.000000
1.010000,0.210000,1.000000
-0.010000,0.230000,1.000000
0.010000,0.230000,1.000000
0.030000,0.230000,1.000000
0.050000,0.230000,1.000000
0.070000,0.230000,1.000000
0.090000,0.230000,1.000001
0.110000,0.230000,1.000001
0.130000,0.230000,1.000003
0.150000,0.230000,1.000006
0.170000,0.230000,1.000013
0.190000,0.230000,1.000024
0.210000,0.230000,1.000043
0.230000,0.230000,1.000076
0.250000,0.230000,1.000128
0.270000,0.230000,1.000206
0.290000,0.230000,1.000321
0.310000,0.230000,1.000478
0.330000,0.230000,1.000685
0.350000,0.230000,1.000944
0.370000,0.230000,1.001249
0.390000,0.230000,1.001587
0.410000,0.230000,1.001939
0.430000,0.230000,1.002275
0.450000,0.230000,1.002565
0.470000,0.230000,1.002779
0.490000,0.230000,1.002893
0.510000,0.230000,1.002893
0.530000,0.230000,1.002779
0.550000,0.230000,1.002565
0.570000,0.230000,1.002275
0.590000,0.230000,1.001939
0.610000,0.230000,1.001587
0.630000,0.230000,1.001249
0.650000,0.230000,1.000944
0.670000,0.230000,1.000685
0.690000,0.230000,1.000478
0.710000,0.230000,1.000321
0.730000,0.230000,1.000206
0.750000,0.230000,1.000128
0.770000,0.230000,1.000076
0.790000,0.230000,1.000043
0.810000,0.230000,1.000024
0.830000,0.230000,1.000013
0.850000,0.230000,1.000006
0.870000,0.230000,1.000003
0.890000,0.230000,1.000001
0.910000,0.230000,1.000001
0.930000,0.230000,1.000000
0.950000,0.230000,1.000000
0.970000,0.230000,1.000000
0.990000,0.230000,1.000000
1.010000,0.230000,1.000000
-0.010000,0.250000,1.000000
0.010000,0.250000,1.000000
0.030000,0.250000,1.000000
0.050000,0.250000,1.000000
0.070000,0.250000,1.000000
0.090000,0.250000,1.000001
0.110000,0.250000,1.000002
0.130000,0.250000,1.000005
0.150000,0.250000,1.000010
0.170000,0.250000,1.000020
0.190000,0.250000,1.000037
0.210000,0.250000,1.000068
0.230000,0.250000,1.000118
0.250000,0.250000,1.000199
0.270000,0.250000,1.000321
0.290000,0.250000,1.000499
0.310000,0.250000,1.000745
0.330000,0.250000,1.001067
0.350000,0.250000,1.001470
0.370000,0.250000,1.001945
0.390000,0.250000,1.002472
0.410000,0.250000,1.003020
0.430000,0.250000,1.003544
0.450000,0.250000,1.003995
0.470000,0.250000,1.004328
0.490000,0.250000,1.004505
0.510000,0.250000,1.004505
0.530000,0.250000,1.004328
0.550000,0.250000,1.003995
0.570000,0.250000,1.003544
0.590000,0.250000,1.003020
0.610000,0.250000,1.002472
0.630000,0.250000,1.001945
0.650000,0.250000,1.001470
0.670000,0.250000,1.001067
0.690000,0.250000,1.000745
0.710000,0.250000,1.000499
0.730000,0.250000,1.000321
0.750000,0.250000,1.000199
0.770000,0.250000,1.000118
0.790000,0.250000,1.000068
0.810000,0.250000,1.000037
0.830000,0.250000,1.000020
0.850000,0.250000,1.000010
0.870000,0.250000,1.000005
0.890000,0.250000,1.000002
0.910000,0.250000,1.000001
0.930000,0.250000,1.000000
0.950000,0.250000,1.000000
0.970000,0.250000,1.000000
0.990000,0.250000,1.000000
1.010000,0.250000,1.000000
-0.010000,0.270000,1.000000
0.010000,0.270000,1.000000
0.030000,0.270000,1.000000
0.050000,0.270000,1.000000
0.070000,0.270000,1.000001
0.090000,0.270000,1.000002
0.110000,0.270000,1.000003
0.130000,0.270000,1.000007
0.150000,0.270000,1.000015
0.170000,0.270000,1.000029
0.190000,0.270000,1.000055
0.210000,0.270000,1.000100
0.230000,0.270000,1.000176
0.250000,0.270000,1.000296
0.270000,0.270000,1.000478
0.290000,0.270000,1.000742
0.310000,0.270000,1.001107
0.330000,0.270000,1.001587
0.350000,0.270000,1.002185
0.370000,0.270000,1.002892
0.390000,0.270000,1.003676
0.410000,0.270000,1.004490
0.430000,0.270000,1.005269
0.450000,0.270000,1.005940
0.470000,0.270000,1.006435
0.490000,0.270000,1.006698
0.510000,0.270000,1.006698
0.530000,0.270000,1.006435
0.550000,0.270000,1.005940
0.570000,0.270000,1.005269
0.590000,0.270000,1.004490
0.610000,0.270000,1.003676
0.630000,0.270000,1.002892
0.650000,0.270000,1.002185
0.670000,0.270000,1.001587
0.690000,0.270000,1.001107
0.710000,0.270000,1.000742
0.730000,0.270000,1.000478
0.750000,0.270000,1.000296
0.770000,0.270000,1.000176
0.790000,0.270000,1.000100
0.810000,0.270000,1.000055
0.830000,0.270000,1.000029
0.850000,0.270000,1.000015
0.870000,0.270000,1.000007
0.890000,0.270000,1.000003
0.910000,0.270000,1.000002
0.930000,0.270000,1.000001
0.950000,0.270000,1.000000
0.970000,0.270000,1.000000
0.990000,0.270000,1.000000
1.010000,0.270000,1.000000
-0.010000,0.290000,1.000000
0.010000,0.290000,1.000000
0.030000,0.290000,1.000000
0.050000,0.290000,1.000000
0.070000,0.290000,1.000001
0.090000,0.290000,1.000002
0.110000,0.290000,1.000005
0.130000,0.290000,1.000010
0.150000,0.290000,1.000021
0.170000,0.290000,1.000041
0.190000,0.290000,1.000078
0.210000,0.290000,1.000142
0.230000,0.290000,1.000249
0.250000,0.290000,1.000419
0.270000,0.290000,1.000678
0.290000,0.290000,1.001052
0.310000,0.290000,1.001570
0.330000,0.290000,1.002250
0.350000,0.290000,1.003098
0.370000,0.290000,1.004099
0.390000,0.290000,1.005211
0.410000,0.290000,1.006365
0.430000,0.290000,1.007469
0.450000,0.290000,1.008422
0.470000,0.290000,1.009123
0.490000,0.290000,1.009495
0.510000,0.290000,1.009495
0.530000,0.290000,1.009123
0.550000,0.290000,1.008422
0.570000,0.290000,1.007469
0.590000,0.290000,1.006365
0.610000,0.290000,1.005211
0.630000,0.290000,1.004099
0.650000,0.290000,1.003098
0.670000,0.290000,1.002250
0.690000,0.290000,1.001570
0.710000,0.290000,1.001052
0.730000,0.290000,1.000678
0.750000,0.290000,1.000419
0.770000,0.290000,1.000249
0.790000,0.290000,1.000142
0.810000,0.290000,1.000078
0.830000,0.290000,1.000041
0.850000,0.290000,1.000021
0.870000,0.290000,1.000010
0.890000,0.290000,1.000005
0.910000,0.290000,1.000002
0.930000,0.290000,1.000001
0.950000,0.290000,1.000000
0.970000,0.290000,1.000000
0.990000,0.290000,1.000000
1.010000,0.290000,1.000000
-0.010000,0.310000,1.000000
0.010000,0.310000,1.000000
0.030000,0.310000,1.000000
0.050000,0.310000,1.000001
0.070000,0.310000,1.000001
0.090000,0.310000,1.000003
0.110000,0.310000,1.000006
0.130000,0.310000,1.000014
0.150000,0.310000,1.000028
0.170000,0.310000,1.000056
0.190000,0.310000,1.000105
0.210000,0.310000,1.000192
0.230000,0.310000,1.000336
0.250000,0.310000,1.000566
0.270000,0.310000,1.000915
0.290000,0.310000,1.001420
0.310000,0.310000,1.002119
0.330000,0.310000,1.003037
0.350000,0.310000,1.004182
0.370000,0.310000,1.005533
0.390000,0.310000,1.007034
0.410000,0.310000,1.008591
0.430000,0.310000,1.010082
0.450000,0.310000,1.011367
0.470000,0.310000,1.012314
0.490000,0.310000,1.012816
0.510000,0.310000,1.012816
0.530000,0.310000,1.012314
0.550000,0.310000,1.011367
0.570000,0.310000,1.010082
0.590000,0.310000,1.008591
0.610000,0.310000,1.007034
0.630000,0.310000,1.005533
0.650000,0.310000,1.004182
0.670000,0.310000,1.003037
0.690000,0.310000,1.002119
0.710000,0.310000,1.001420
0.730000,0.310000,1.000915
0.750000,0.310000,1.000566
0.770000,0.310000,1.000336
0.790000,0.310000,1.000192
0.810000,0.310000,1.000105
0.830000,0.310000,1.000056
0.850000,0.310000,1.000028
0.870000,0.310000,1.000014
0.890000,0.310000,1.000006
0.910000,0.310000,1.000003
0.930000,0.310000,1.000001
0.950000,0.310000,1.000001
0.970000,0.310000,1.000000
0.990000,0.310000,1.000000
1.010000,0.310000,1.000000
-0.010000,0.330000,1.000000
0.010000,0.330000,1.000000
0.030000,0.330000,1.000000
0.050000,0.330000,1.000001
0.070000,0.330000,1.000002
0.090000,0.330000,1.000004
0.110000,0.330000,1.000008
0.130000,0.330000,1.000018
0.150000,0.330000,1.000036
0.170000,0.330000,1.000071
0.190000,0.330000,1.000135
0.210000,0.330000,1.000246
0.230000,0.330000,1.000431
0.250000,0.330000,1.000726
0.270000,0.330000,1.001173
0.290000,0.330000,1.001821
0.310000,0.330000,1.002717
0.330000,0.330000,1.003894
0.350000,0.330000,1.005363
0.370000,0.330000,1.007096
0.390000,0.330000,1.009021
0.410000,0.330000,1.011018
0.430000,0.330000,1.012929
0.450000,0.330000,1.014578
0.470000,0.330000,1.015792
0.490000,0.330000,1.016436
0.510000,0.330000,1.016436
0.530000,0.330000,1.015792
0.550000,0.330000,1.014578
0.570000,0.330000,1.012929
0.590000,0.330000,1.011018
0.610000,0.330000,1.009021
0.630000,0.330000,1.007096
0.650000,0.330000,1.005363
0.670000,0.330000,1.003894
0.690000,0.330000,1.002717
0.710000,0.330000,1.001821
0.730000,0.330000,1.001173
0.750000,0.330000,1.000726
0.770000,0.330000,1.000431
0.790000,0.330000,1.000246
0.810000,0.330000,1.000135
0.830000,0.330000,1.000071
0.850000,0.330000,1.000036
0.870000,0.330000,1.000018
0.890000,0.330000,1.000008
0.910000,0.330000,1.000004
0.930000,0.330000,1.000002
0.950000,0.330000,1.000001
0.970000,0.330000,1.000000
0.990000,0.330000,1.000000
1.010000,0.330000,1.000000
-0.010000,0.350000,1.000000
0.010000,0.350000,1.000000
0.030000,0.350000,1.000000
0.050000,0.350000,1.000001
0.070000,0.350000,1.000002
0.090000,0.350000,1.000004
0.110000,0.350000,1.000010
0.130000,0.350000,1.000021
0.150000,0.350000,1.000044
0.170000,0.350000,1.000087
0.190000,0.350000,1.000164
0.210000,0.350000,1.000299
0.230000,0.350000,1.000524
0.250000,0.350000,1.000882
0.270000,0.350000,1.001425
0.290000,0.350000,1.002213
0.310000,0.350000,1.003301
0.330000,0.350000,1.004732
0.350000,0.350000,1.006517
0.370000,0.350000,1.008622
0.390000,0.350000,1.010961
0.410000,0.350000,1.013388
0.430000,0.350000,1.015711
0.450000,0.350000,1.017714
0.470000,0.350000,1.019189
0.490000,0.350000,1.019972
0.510000,0.350000,1.019972
0.530000,0.350000,1.019189
0.550000,0.350000,1.017714
0.570000,0.350000,1.015711
0.590000,0.350000,1.013388
0.610000,0.350000,1.010961
0.630000,0.350000,1.008622
0.650000,0.350000,1.006517
0.670000,0.350000,1.004732
0.690000,0.350000,1.003301
0.710000,0.350000,1.002213
0.730000,0.350000,1.001425
0.750000,0.350000,1.000882
0.770000,0.350000,1.000524
0.790000,0.350000,1.000299
0.810000,0.350000,1.000164
0.830000,0.350000,1.000087
0.850000,0.350000,1.000044
0.870000,0.350000,1.000021
0.890000,0.350000,1.000010
0.910000,0.350000,1.000004
0.930000,0.350000,1.000002
0.950000,0.350000,1.000001
0.970000,0.350000,1.000000
0.990000,0.350000,1.000000
1.010000,0.350000,1.000000
-0.010000,0.370000,1.000000
0.010000,0.370000,1.000000
0.030000,0.370000,1.000000
0.050000,0.370000,1.000001
0.070000,0.370000,1.000002
0.090000,0.370000,1.000005
0.110000,0.370000,1.000011
0.130000,0.370000,1.000025
0.150000,0.370000,1.000050
0.170000,0.370000,1.000099
0.190000,0.370000,1.000188
0.210000,0.370000,1.000343
0.230000,0.370000,1.000601
0.250000,0.370000,1.001011
0.270000,0.370000,1.001634
0.290000,0.370000,1.002538
0.310000,0.370000,1.003786
0.330000,0.370000,1.005426
0.350000,0.370000,1.007473
0.370000,0.370000,1.009887
0.390000,0.370000,1.012569
0.410000,0.370000,1.015352
0.430000,0.370000,1.018016
0.450000,0.370000,1.020313
0.470000,0.370000,1.022004
0.490000,0.370000,1.022902
0.510000,0.370000,1.022902
0.530000,0.370000,1.022004
0.550000,0.370000,1.020313
0.570000,0.370000,1.018016
0.590000,0.370000,1.015352
0.610000,0.370000,1.012569
0.630000,0.370000,1.009887
0.650000,0.370000,1.007473
0.670000,0.370000,1.005426
0.690000,0.370000,1.003786
0.710000,0.370000,1.002538
0.730000,0.370000,1.001634
0.750000,0.370000,1.001011
0.770000,0.370000,1.000601
0.790000,0.370000,1.000343
0.810000,0.370000,1.000188
0.830000,0.370000,1.000099
0.850000,0.370000,1.000050
0.870000,0.370000,1.000025
0.890000,0.370000,1.000011
0.910000,0.370000,1.000005
0.930000,0.370000,1.000002
0.950000,0.370000,1.000001
0.970000,0.370000,1.000000
0.990000,0.370000,1.000000
1.010000,0.370000,1.000000
-0.010000,0.390000,1.000000
0.010000,0.390000,1.000000
0.030000,0.390000,1.000000
0.050000,0.390000,1.000001
0.070000,0.390000,1.000002
0.090000,0.390000,1.000006
0.110000,0.390000,1.000012
0.130000,0.390000,1.000026
0.150000,0.390000,1.000054
0.170000,0.390000,1.000107
0.190000,0.390000,1.000203
0.210000,0.390000,1.000369
0.230000,0.390000,1.000647
0.250000,0.390000,1.001088
0.270000,0.390000,1.001758
0.290000,0.390000,1.002730
0.310000,0.390000,1.004072
0.330000,0.390000,1.005837
0.350000,0.390000,1.008038
0.370000,0.390000,1.010635
0.390000,0.390000,1.013520
0.410000,0.390000,1.016514
0.430000,0.390000,1.019379
0.450000,0.390000,1.021850
0.470000,0.390000,1.023669
0.490000,0.390000,1.024635
0.510000,0.390000,1.024635
0.530000,0.390000,1.023669
0.550000,0.390000,1.021850
0.570000,0.390000,1.019379
0.590000,0.390000,1.016514
0.610000,0.390000,1.013520
0.630000,0.390000,1.010635
0.650000,0.390000,1.008038
0.670000,0.390000,1.005837
0.690000,0.390000,1.004072
0.710000,0.390000,1.002730
0.730000,0.390000,1.001758
0.750000,0.390000,1.001088
0.770000,0.390000,1.000647
0.790000,0.390000,1.000369
0.810000,0.390000,1.000203
0.830000,0.390000,1.000107
0.850000,0.390000,1.000054
0.870000,0.390000,1.000026
0.890000,0.390000,1.000012
0.910000,0.390000,1.000006
0.930000,0.390000,1.000002
0.950000,0.390000,1.000001
0.970000,0.390000,1.000000
0.990000,0.390000,1.000000
1.010000,0.390000,1.000000
-0.010000,0.410000,1.000000
0.010000,0.410000,1.000000
0.030000,0.410000,1.000000
0.050000,0.410000,1.000001
0.070000,0.410000,1.000002
0.090000,0.410000,1.000006
0.110000,0.410000,1.000012
0.130000,0.410000,1.000026
0.150000,0.410000,1.000054
0.170000,0.410000,1.000107
0.190000,0.410000,1.000203
0.210000,0.410000,1.000369
0.230000,0.410000,1.000646
0.250000,0.410000,1.001087
0.270000,0.410000,1.001757
0.290000,0.410000,1.002728
0.310000,0.410000,1.004069
0.330000,0.410000,1.005833
0.350000,0.410000,1.008033
0.370000,0.410000,1.010628
0.390000,0.410000,1.013511
0.410000,0.410000,1.016503
0.430000,0.410000,1.019366
0.450000,0.410000,1.021835
0.470000,0.410000,1.023654
0.490000,0.410000,1.024619
0.510000,0.410000,1.024619
0.530000,0.410000,1.023654
0.550000,0.410000,1.021835
0.570000,0.410000,1.019366
0.590000,0.410000,1.016503
0.610000,0.410000,1.013511
0.630000,0.410000,1.010628
0.650000,0.410000,1.008033
0.670000,0.410000,1.005833
0.690000,0.410000,1.004069
0.710000,0.410000,1.002728
0.730000,0.410000,1.001757
0.750000,0.410000,1.001087
0.770000,0.410000,1.000646
0.790000,0.410000,1.000369
0.810000,0.410000,1.000203
0.830000,0.410000,1.000107
0.850000,0.410000,1.000054
0.870000,0.410000,1.000026
0.890000,0.410000,1.000012
0.910000,0.410000,1.000006
0.930000,0.410000,1.000002
0.950000,0.410000,1.000001
0.970000,0.410000,1.000000
0.990000,0.410000,1.000000
1.010000,0.410000,1.000000
-0.010000,0.430000,1.000000
0.010000,0.430000,1.000000
0.030000,0.430000,1.000000
0.050000,0.430000,1.000001
0.070000,0.430000,1.000002
0.090000,0.430000,1.000005
0.110000,0.430000,1.000011
0.130000,0.430000,1.000024
0.150000,0.430000,1.000049
0.170000,0.430000,1.000098
0.190000,0.430000,1.000185
0.210000,0.430000,1.000337
0.230000,0.430000,1.000590
0.250000,0.430000,1.000992
0.270000,0.430000,1.001604
0.290000,0.430000,1.002490
0.310000,0.430000,1.003714
0.330000,0.430000,1.005324
0.350000,0.430000,1.007332
0.370000,0.430000,1.009701
0.390000,0.430000,1.012332
0.410000,0.430000,1.015062
0.430000,0.430000,1.017676
0.450000,0.430000,1.019929
0.470000,0.430000,1.021589
0.490000,0.430000,1.022470
0.510000,0.430000,1.022470
0.530000,0.430000,1.021589
0.550000,0.430000,1.019929
0.570000,0.430000,1.017676
0.590000,0.430000,1.015062
0.610000,0.430000,1.012332
0.630000,0.430000,1.009701
0.650000,0.430000,1.007332
0.670000,0.430000,1.005324
0.690000,0.430000,1.003714
0.710000,0.430000,1.002490
0.730000,0.430000,1.001604
0.750000,0.430000,1.000992
0.770000,0.430000,1.000590
0.790000,0.430000,1.000337
0.810000,0.430000,1.000185
0.830000,0.430000,1.000098
0.850000,0.430000,1.000049
0.870000,0.430000,1.000024
0.890000,0.430000,1.000011
0.910000,0.430000,1.000005
0.930000,0.430000,1.000002
0.950000,0.430000,1.000001
0.970000,0.430000,1.000000
0.990000,0.430000,1.000000
1.010000,0.430000,1.000000
-0.010000,0.450000,1.000000
0.010000,0.450000,1.000000
0.030000,0.450000,1.000000
0.050000,0.450000,1.000001
0.070000,0.450000,1.000002
0.090000,0.450000,1.000004
0.110000,0.450000,1.000009
0.130000,0.450000,1.000019
0.150000,0.450000,1.000040
0.170000,0.450000,1.000079
0.190000,0.450000,1.000149
0.210000,0.450000,1.000271
0.230000,0.450000,1.000475
0.250000,0.450000,1.000799
0.270000,0.450000,1.001291
0.290000,0.450000,1.002005
0.310000,0.450000,1.002991
0.330000,0.450000,1.004288
0.350000,0.450000,1.005905
0.370000,0.450000,1.007813
0.390000,0.450000,1.009932
0.410000,0.450000,1.012131
0.430000,0.450000,1.014235
0.450000,0.450000,1.016050
0.470000,0.450000,1.017387
0.490000,0.450000,1.018097
0.510000,0.450000,1.018097
0.530000,0.450000,1.017387
0.550000,0.450000,1.016050
0.570000,0.450000,1.014235
0.590000,0.450000,1.012131
0.610000,0.450000,1.009932
0.630000,0.450000,1.007813
0.650000,0.450000,1.005905
0.670000,0.450000,1.004288
0.690000,0.450000,1.002991
0.710000,0.450000,1.002005
0.730000,0.450000,1.001291
0.750000,0.450000,1.000799
0.770000,0.450000,1.000475
0.790000,0.450000,1.000271
0.810000,0.450000,1.000149
0.830000,0.450000,1.000079
0.850000,0.450000,1.000040
0.870000,0.450000,1.000019
0.890000,0.450000,1.000009
0.910000,0.450000,1.000004
0.930000,0.450000,1.000002
0.950000,0.450000,1.000001
0.970000,0.450000,1.000000
0.990000,0.450000,1.000000
1.010000,0.450000,1.000000
-0.010000,0.470000,1.000000
0.010000,0.470000,1.000000
0.030000,0.470000,1.000000
0.050000,0.470000,1.000000
0.070000,0.470000,1.000001
0.090000,0.470000,1.000003
0.110000,0.470000,1.000006
0.130000,0.470000,1.000013
0.150000,0.470000,1.000026
0.170000,0.470000,1.000051
0.190000,0.470000,1.000097
0.210000,0.470000,1.000176
0.230000,0.470000,1.000309
0.250000,0.470000,1.000519
0.270000,0.470000,1.000839
0.290000,0.470000,1.001303
0.310000,0.470000,1.001944
0.330000,0.470000,1.002787
0.350000,0.470000,1.003838
0.370000,0.470000,1.005078
0.390000,0.470000,1.006455
0.410000,0.470000,1.007885
0.430000,0.470000,1.009253
0.450000,0.470000,1.010432
0.470000,0.470000,1.011301
0.490000,0.470000,1.011762
0.510000,0.470000,1.011762
0.530000,0.470000,1.011301
0.550000,0.470000,1.010432
0.570000,0.470000,1.009253
0.590000,0.470000,1.007885
0.610000,0.470000,1.006455
0.630000,0.470000,1.005078
0.650000,0.470000,1.003838
0.670000,0.470000,1.002787
0.690000,0.470000,1.001944
0.710000,0.470000,1.001303
0.730000,0.470000,1.000839
0.750000,0.470000,1.000519
0.770000,0.470000,1.000309
0.790000,0.470000,1.000176
0.810000,0.470000,1.000097
0.830000,0.470000,1.000051
0.850000,0.470000,1.000026
0.870000,0.470000,1.000013
0.890000,0.470000,1.000006
0.910000,0.470000,1.000003
0.930000,0.470000,1.000001
0.950000,0.470000,1.000000
0.970000,0.470000,1.000000
0.990000,0.470000,1.000000
1.010000,0.470000,1.000000
-0.010000,0.490000,1.000000
0.010000,0.490000,1.000000
0.030000,0.490000,1.000000
0.050000,0.490000,1.000000
0.070000,0.490000,1.000000
0.090000,0.490000,1.000001
0.110000,0.490000,1.000002
0.130000,0.490000,1.000004
0.150000,0.490000,1.000009
0.170000,0.490000,1.000018
0.190000,0.490000,1.000034
0.210000,0.490000,1.000061
0.230000,0.490000,1.000107
0.250000,0.490000,1.000180
0.270000,0.490000,1.000291
0.290000,0.490000,1.000452
0.310000,0.490000,1.000675
0.330000,0.490000,1.000967
0.350000,0.490000,1.001331
0.370000,0.490000,1.001762
0.390000,0.490000,1.002240
0.410000,0.490000,1.002735
0.430000,0.490000,1.003210
0.450000,0.490000,1.003619
0.470000,0.490000,1.003921
0.490000,0.490000,1.004081
0.510000,0.490000,1.004081
0.530000,0.490000,1.003921
0.550000,0.490000,1.003619
0.570000,0.490000,1.003210
0.590000,0.490000,1.002735
0.610000,0.490000,1.002240
0.630000,0.490000,1.001762
0.650000,0.490000,1.001331
0.670000,0.490000,1.000967
0.690000,0.490000,1.000675
0.710000,0.490000,1.000452
0.730000,0.490000,1.000291
0.750000,0.490000,1.000180
0.770000,0.490000,1.000107
0.790000,0.490000,1.000061
0.810000,0.490000,1.000034
0.830000,0.490000,1.000018
0.850000,0.490000,1.000009
0.870000,0.490000,1.000004
0.890000,0.490000,1.000002
0.910000,0.490000,1.000001
0.930000,0.490000,1.000000
0.950000,0.490000,1.000000
0.970000,0.490000,1.000000
0.990000,0.490000,1.000000
1.010000,0.490000,1.000000
-0.010000,0.510000,1.000000
0.010000,0.510000,1.000000
0.030000,0.510000,1.000000
0.050000,0.510000,1.000000
0.070000,0.510000,1.000000
0.090000,0.510000,0.999999
0.110000,0.510000,0.999998
0.130000,0.510000,0.999996
0.150000,0.510000,0.999991
0.170000,0.510000,0.999982
0.190000,0.510000,0.999966
0.210000,0.510000,0.999939
0.230000,0.510000,0.999893
0.250000,0.510000,0.999820
0.270000,0.510000,0.999709
0.290000,0.510000,0.999548
0.310000,0.510000,0.999325
0.330000,0.510000,0.999033
0.350000,0.510000,0.998669
0.370000,0.510000,0.998238
0.390000,0.510000,0.997760
0.410000,0.510000,0.997265
0.430000,0.510000,0.996790
0.450000,0.510000,0.996381
0.470000,0.510000,0.996079
0.490000,0.510000,0.995919
0.510000,0.510000,0.995919
0.530000,0.510000,0.996079
0.550000,0.510000,0.996381
0.570000,0.510000,0.996790
0.590000,0.510000,0.997265
0.610000,0.510000,0.997760
0.630000,0.510000,0.998238
0.650000,0.510000,0.998669
0.670000,0.510000,0.999033
0.690000,0.510000,0.999325
0.710000,0.510000,0.999548
0.730000,0.510000,0.999709
0.750000,0.510000,0.999820
0.770000,0.510000,0.999893
0.790000,0.510000,0.999939
0.810000,0.510000,0.999966
0.830000,0.510000,0.999982
0.850000,0.510000,0.999991
0.870000,0.510000,0.999996
0.890000,0.510000,0.999998
0.910000,0.510000,0.999999
0.930000,0.510000,1.000000
0.950000,0.510000,1.000000
0.970000,0.510000,1.000000
0.990000,0.510000,1.000000
1.010000,0.510000,1.000000
-0.010000,0.530000,1.000000
0.010000,0.530000,1.000000
0.030000,0.530000,1.000000
0.050000,0.530000,1.000000
0.070000,0.530000,0.999999
0.090000,0.530000,0.999997
0.110000,0.530000,0.999994
0.130000,0.530000,0.999987
0.150000,0.530000,0.999974
0.170000,0.530000,0.999949
0.190000,0.530000,0.999903
0.210000,0.530000,0.999824
0.230000,0.530000,0.999691
0.250000,0.530000,0.999481
0.270000,0.530000,0.999161
0.290000,0.530000,0.998697
0.310000,0.530000,0.998056
0.330000,0.530000,0.997213
0.350000,0.530000,0.996162
0.370000,0.530000,0.994922
0.390000,0.530000,0.993545
0.410000,0.530000,0.992115
0.430000,0.530000,0.990747
0.450000,0.530000,0.989568
0.470000,0.530000,0.988699
0.490000,0.530000,0.988238
0.510000,0.530000,0.988238
0.530000,0.530000,0.988699
0.550000,0.530000,0.989568
0.570000,0.530000,0.990747
0.590000,0.530000,0.992115
0.610000,0.530000,0.993545
0.630000,0.530000,0.994922
0.650000,0.530000,0.996162
0.670000,0.530000,0.997213
0.690000,0.530000,0.998056
0.710000,0.530000,0.998697
0.730000,0.530000,0.999161
0.750000,0.530000,0.999481
0.770000,0.530000,0.999691
0.790000,0.530000,0.999824
0.810000,0.530000,0.999903
0.830000,0.530000,0.999949
0.850000,0.530000,0.999974
0.870000,0.530000,0.999987
0.890000,0.530000,0.999994
0.910000,0.530000,0.999997
0.930000,0.530000,0.999999
0.950000,0.530000,1.000000
0.970000,0.530000,1.000000
0.990000,0.530000,1.000000
1.010000,0.530000,1.000000
-0.010000,0.550000,1.000000
0.010000,0.550000,1.000000
0.030000,0.550000,1.000000
0.050000,0.550000,0.999999
0.070000,0.550000,0.999998
0.090000,0.550000,0.999996
0.110000,0.550000,0.999991
0.130000,0.550000,0.999981
0.150000,0.550000,0.999960
0.170000,0.550000,0.999921
0.190000,0.550000,0.999851
0.210000,0.550000,0.999729
0.230000,0.550000,0.999525
0.250000,0.550000,0.999201
0.270000,0.550000,0.998709
0.290000,0.550000,0.997995
0.310000,0.550000,0.997009
0.330000,0.550000,0.995712
0.350000,0.550000,0.994095
0.370000,0.550000,0.992187
0.390000,0.550000,0.990068
0.410000,0.550000,0.987869
0.430000,0.550000,0.985765
0.450000,0.550000,0.983950
0.470000,0.550000,0.982613
0.490000,0.550000,0.981903
0.510000,0.550000,0.981903
0.530000,0.550000,0.982613
0.550000,0.550000,0.983950
0.570000,0.550000,0.985765
0.590000,0.550000,0.987869
0.610000,0.550000,0.990068
0.630000,0.550000,0.992187
0.650000,0.550000,0.994095
0.670000,0.550000,0.995712
0.690000,0.550000,0.997009
0.710000,0.550000,0.997995
0.730000,0.550000,0.998709
0.750000,0.550000,0.999201
0.770000,0.550000,0.999525
0.790000,0.550000,0.999729
0.810000,0.550000,0.999851
0.830000,0.550000,0.999921
0.850000,0.550000,0.999960
0.870000,0.550000,0.999981
0.890000,0.550000,0.999991
0.910000,0.550000,0.999996
0.930000,0.550000,0.999998
0.950000,0.550000,0.999999
0.970000,0.550000,1.000000
0.990000,0.550000,1.000000
1.010000,0.550000,1.000000
-0.010000,0.570000,1.000000
0.010000,0.570000,1.000000
0.030000,0.570000,1.000000
0.050000,0.570000,0.999999
0.070000,0.570000,0.999998
0.090000,0.570000,0.999995
0.110000,0.570000,0.999989
0.130000,0.570000,0.999976
0.150000,0.570000,0.999951
0.170000,0.570000,0.999902
0.190000,0.570000,0.999815
0.210000,0.570000,0.999663
0.230000,0.570000,0.999410
0.250000,0.570000,0.999008
0.270000,0.570000,0.998396
0.290000,0.570000,0.997510
0.310000,0.570000,0.996286
0.330000,0.570000,0.994676
0.350000,0.570000,0.992668
0.370000,0.570000,0.990299
0.390000,0.570000,0.987668
0.410000,0.570000,0.984938
0.430000,0.570000,0.982324
0.450000,0.570000,0.980071
0.470000,0.570000,0.978411
0.490000,0.570000,0.977530
0.510000,0.570000,0.977530
0.530000,0.570000,0.978411
0.550000,0.570000,0.980071
0.570000,0.570000,0.982324
0.590000,0.570000,0.984938
0.610000,0.570000,0.987668
0.630000,0.570000,0.990299
0.650000,0.570000,0.992668
0.670000,0.570000,0.994676
0.690000,0.570000,0.996286
0.710000,0.570000,0.997510
0.730000,0.570000,0.998396
0.750000,0.570000,0.999008
0.770000,0.570000,0.999410
0.790000,0.570000,0.999663
0.810000,0.570000,0.999815
0.830000,0.570000,0.999902
0.850000,0.570000,0.999951
0.870000,0.570000,0.999976
0.890000,0.570000,0.999989
0.910000,0.570000,0.999995
0.930000,0.570000,0.999998
0.950000,0.570000,0.999999
0.970000,0.570000,1.000000
0.990000,0.570000,1.000000
1.010000,0.570000,1.000000
-0.010000,0.590000,1.000000
0.010000,0.590000,1.000000
0.030000,0.590000,1.000000
0.050000,0.590000,0.999999
0.070000,0.590000,0.999998
0.090000,0.590000,0.999994
0.110000,0.590000,0.999988
0.130000,0.590000,0.999974
0.150000,0.590000,0.999946
0.170000,0.590000,0.999893
0.190000,0.590000,0.999797
0.210000,0.590000,0.999631
0.230000,0.590000,0.999354
0.250000,0.590000,0.998913
0.270000,0.590000,0.998243
0.290000,0.590000,0.997272
0.310000,0.590000,0.995931
0.330000,0.590000,0.994167
0.350000,0.590000,0.991967
0.370000,0.590000,0.989372
0.390000,0.590000,0.986489
0.410000,0.590000,0.983497
0.430000,0.590000,0.980634
0.450000,0.590000,0.978165
0.470000,0.590000,0.976346
0.490000,0.590000,0.975381
0.510000,0.590000,0.975381
0.530000,0.590000,0.976346
0.550000,0.590000,0.978165
0.570000,0.590000,0.980634
0.590000,0.590000,0.983497
0.610000,0.590000,0.986489
0.630000,0.590000,0.989372
0.650000,0.590000,0.991967
0.670000,0.590000,0.994167
0.690000,0.590000,0.995931
0.710000,0.590000,0.997272
0.730000,0.590000,0.998243
0.750000,0.590000,0.998913
0.770000,0.590000,0.999354
0.790000,0.590000,0.999631
0.810000,0.590000,0.999797
0.830000,0.590000,0.999893
0.850000,0.590000,0.999946
0.870000,0.590000,0.999974
0.890000,0.590000,0.999988
0.910000,0.590000,0.999994
0.930000,0.590000,0.999998
0.950000,0.590000,0.999999
0.970000,0.590000,1.000000
0.990000,0.590000,1.000000
1.010000,0.590000,1.000000
-0.010000,0.610000,1.000000
0.010000,0.610000,1.000000
0.030000,0.610000,1.000000
0.050000,0.610000,0.999999
0.070000,0.610000,0.999998
0.090000,0.610000,0.999994
0.110000,0.610000,0.999988
0.130000,0.610000,0.999974
0.150000,0.610000,0.999946
0.170000,0.610000,0.999893
0.190000,0.610000,0.999797
0.210000,0.610000,0.999631
0.230000,0.610000,0.999353
0.250000,0.610000,0.998912
0.270000,0.610000,0.998242
0.290000,0.610000,0.997270
0.310000,0.610000,0.995928
0.330000,0.610000,0.994163
0.350000,0.610000,0.991962
0.370000,0.610000,0.989365
0.390000,0.610000,0.986480
0.410000,0.610000,0.983486
0.430000,0.610000,0.980621
0.450000,0.610000,0.978150
0.470000,0.610000,0.976331
0.490000,0.610000,0.975365
0.510000,0.610000,0.975365
0.530000,0.610000,0.976331
0.550000,0.610000,0.978150
0.570000,0.610000,0.980621
0.590000,0.610000,0.983486
0.610000,0.610000,0.986480
0.630000,0.610000,0.989365
0.650000,0.610000,0.991962
0.670000,0.610000,0.994163
0.690000,0.610000,0.995928
0.710000,0.610000,0.997270
0.730000,0.610000,0.998242
0.750000,0.610000,0.998912
0.770000,0.610000,0.999353
0.790000,0.610000,0.999631
0.810000,0.610000,0.999797
0.830000,0.610000,0.999893
0.850000,0.610000,0.999946
0.870000,0.610000,0.999974
0.890000,0.610000,0.999988
0.910000,0.610000,0.999994
0.930000,0.610000,0.999998
0.950000,0.610000,0.999999
0.970000,0.610000,1.000000
0.990000,0.610000,1.000000
1.010000,0.610000,1.000000
-0.010000,0.630000,1.000000
0.010000,0.630000,1.000000
0.030000,0.630000,1.000000
0.050000,0.630000,0.999999
0.070000,0.630000,0.999998
0.090000,0.630000,0.999995
0.110000,0.630000,0.999989
0.130000,0.630000,0.999975
0.150000,0.630000,0.999950
0.170000,0.630000,0.999901
0.190000,0.630000,0.999812
0.210000,0.630000,0.999657
0.230000,0.630000,0.999399
0.250000,0.630000,0.998989
0.270000,0.630000,0.998366
0.290000,0.630000,0.997462
0.310000,0.630000,0.996214
0.330000,0.630000,0.994574
0.350000,0.630000,0.992527
0.370000,0.630000,0.990113
0.390000,0.630000,0.987431
0.410000,0.630000,0.984648
0.430000,0.630000,0.981984
0.450000,0.630000,0.979687
0.470000,0.630000,0.977996
0.490000,0.630000,0.977098
0.510000,0.630000,0.977098
0.530000,0.630000,0.977996
0.550000,0.630000,0.979687
0.570000,0.630000,0.981984
0.590000,0.630000,0.984648
0.610000,0.630000,0.987431
0.630000,0.630000,0.990113
0.650000,0.630000,0.992527
0.670000,0.630000,0.994574
0.690000,0.630000,0.996214
0.710000,0.630000,0.997462
0.730000,0.630000,0.998366
0.750000,0.630000,0.998989
0.770000,0.630000,0.999399
0.790000,0.630000,0.999657
0.810000,0.630000,0.999812
0.830000,0.630000,0.999901
0.850000,0.630000,0.999950
0.870000,0.630000,0.999975
0.890000,0.630000,0.999989
0.910000,0.630000,0.999995
0.930000,0.630000,0.999998
0.950000,0.630000,0.999999
0.970000,0.630000,1.000000
0.990000,0.630000,1.000000
1.010000,0.630000,1.000000
-0.010000,0.650000,1.000000
0.010000,0.650000,1.000000
0.030000,0.650000,1.000000
0.050000,0.650000,0.999999
0.070000,0.650000,0.999998
0.090000,0.650000,0.999996
0.110000,0.650000,0.999990
0.130000,0.650000,0.999979
0.150000,0.650000,0.999956
0.170000,0.650000,0.999913
0.190000,0.650000,0.999836
0.210000,0.650000,0.999701
0.230000,0.650000,0.999476
0.250000,0.650000,0.999118
0.270000,0.650000,0.998575
0.290000,0.650000,0.997787
0.310000,0.650000,0.996699
0.330000,0.650000,0.995268
0.350000,0.650000,0.993483
0.370000,0.650000,0.991378
0.390000,0.650000,0.989039
0.410000,0.650000,0.986612
0.430000,0.650000,0.984289
0.450000,0.650000,0.982286
0.470000,0.650000,0.980811
0.490000,0.650000,0.980028
0.510000,0.650000,0.980028
0.530000,0.650000,0.980811
0.550000,0.650000,0.982286
0.570000,0.650000,0.984289
0.590000,0.650000,0.986612
0.610000,0.650000,0.989039
0.630000,0.650000,0.991378
0.650000,0.650000,0.993483
0.670000,0.650000,0.995268
0.690000,0.650000,0.996699
0.710000,0.650000,0.997787
0.730000,0.650000,0.998575
0.750000,0.650000,0.999118
0.770000,0.650000,0.999476
0.790000,0.650000,0.999701
0.810000,0.650000,0.999836
0.830000,0.650000,0.999913
0.850000,0.650000,0.999956
0.870000,0.650000,0.999979
0.890000,0.650000,0.999990
0.910000,0.650000,0.999996
0.930000,0.650000,0.999998
0.950000,0.650000,0.999999
0.970000,0.650000,1.000000
0.990000,0.650000,1.000000
1.010000,0.650000,1.000000
-0.010000,0.670000,1.000000
0.010000,0.670000,1.000000
0.030000,0.670000,1.000000
0.050000,0.670000,0.999999
0.070000,0.670000,0.999998
0.090000,0.670000,0.999996
0.110000,0.670000,0.999992
0.130000,0.670000,0.999982
0.150000,0.670000,0.999964
0.170000,0.670000,0.999929
0.190000,0.670000,0.999865
0.210000,0.670000,0.999754
0.230000,0.670000,0.999569
0.250000,0.670000,0.999274
0.270000,0.670000,0.998827
0.290000,0.670000,0.998179
0.310000,0.670000,0.997283
0.330000,0.670000,0.996106
0.350000,0.670000,0.994637
0.370000,0.670000,0.992904
0.390000,0.670000,0.990979
0.410000,0.670000,0.988982
0.430000,0.670000,0.987071
0.450000,0.670000,0.985422
0.470000,0.670000,0.984208
0.490000,0.670000,0.983564
0.510000,0.670000,0.983564
0.530000,0.670000,0.984208
0.550000,0.670000,0.985422
0.570000,0.670000,0.987071
0.590000,0.670000,0.988982
0.610000,0.670000,0.990979
0.630000,0.670000,0.992904
0.650000,0.670000,0.994637
0.670000,0.670000,0.996106
0.690000,0.670000,0.997283
0.710000,0.670000,0.998179
0.730000,0.670000,0.998827
0.750000,0.670000,0.999274
0.770000,0.670000,0.999569
0.790000,0.670000,0.999754
0.810000,0.670000,0.999865
0.830000,0.670000,0.999929
0.850000,0.670000,0.999964
0.870000,0.670000,0.999982
0.890000,0.670000,0.999992
0.910000,0.670000,0.999996
0.930000,0.670000,0.999998
0.950000,0.670000,0.999999
0.970000,0.670000,1.000000
0.990000,0.670000,1.000000
1.010000,0.670000,1.000000
-0.010000,0.690000,1.000000
0.010000,0.690000,1.000000
0.030000,0.690000,1.000000
0.050000,0.690000,0.999999
0.070000,0.690000,0.999999
0.090000,0.690000,0.999997
0.110000,0.690000,0.999994
0.130000,0.690000,0.999986
0.150000,0.690000,0.999972
0.170000,0.690000,0.999944
0.190000,0.690000,0.999895
0.210000,0.690000,0.999808
0.230000,0.690000,0.999664
0.250000,0.690000,0.999434
0.270000,0.690000,0.999085
0.290000,0.690000,0.998580
0.310000,0.690000,0.997881
0.330000,0.690000,0.996963
0.350000,0.690000,0.995818
0.370000,0.690000,0.994467
0.390000,0.690000,0.992966
0.410000,0.690000,0.991409
0.430000,0.690000,0.989918
0.450000,0.690000,0.988633
0.470000,0.690000,0.987686
0.490000,0.690000,0.987184
0.510000,0.690000,0.987184
0.530000,0.690000,0.987686
0.550000,0.690000,0.988633
0.570000,0.690000,0.989918
0.590000,0.690000,0.991409
0.610000,0.690000,0.992966
0.630000,0.690000,0.994467
0.650000,0.690000,0.995818
0.670000,0.690000,0.996963
0.690000,0.690000,0.997881
0.710000,0.690000,0.998580
0.730000,0.690000,0.999085
0.750000,0.690000,0.999434
0.770000,0.690000,0.999664
0.790000,0.690000,0.999808
0.810000,0.690000,0.999895
0.830000,0.690000,0.999944
0.850000,0.690000,0.999972
0.870000,0.690000,0.999986
0.890000,0.690000,0.999994
0.910000,0.690000,0.999997
0.930000,0.690000,0.999999
0.950000,0.690000,0.999999
0.970000,0.690000,1.000000
0.990000,0.690000,1.000000
1.010000,0.690000,1.000000
-0.010000,0.710000,1.000000
0.010000,0.710000,1.000000
0.030000,0.710000,1.000000
0.050000,0.710000,1.000000
0.070000,0.710000,0.999999
0.090000,0.710000,0.999998
0.110000,0.710000,0.999995
0.130000,0.710000,0.999990
0.150000,0.710000,0.999979
0.170000,0.710000,0.999959
0.190000,0.710000,0.999922
0.210000,0.710000,0.999858
0.230000,0.710000,0.999751
0.250000,0.710000,0.999581
0.270000,0.710000,0.999322
0.290000,0.710000,0.998948
0.310000,0.710000,0.998430
0.330000,0.710000,0.997750
0.350000,0.710000,0.996902
0.370000,0.710000,0.995901
0.390000,0.710000,0.994789
0.410000,0.710000,0.993635
0.430000,0.710000,0.992531
0.450000,0.710000,0.991578
0.470000,0.710000,0.990877
0.490000,0.710000,0.990505
0.510000,0.710000,0.990505
0.530000,0.710000,0.990877
0.550000,0.710000,0.991578
0.570000,0.710000,0.992531
0.590000,0.710000,0.993635
0.610000,0.710000,0.994789
0.630000,0.710000,0.995901
0.650000,0.710000,0.996902
0.670000,0.710000,0.997750
0.690000,0.710000,0.998430
0.710000,0.710000,0.998948
0.730000,0.710000,0.999322
0.750000,0.710000,0.999581
0.770000,0.710000,0.999751
0.790000,0.710000,0.999858
0.810000,0.710000,0.999922
0.830000,0.710000,0.999959
0.850000,0.710000,0.999979
0.870000,0.710000,0.999990
0.890000,0.710000,0.999995
0.910000,0.710000,0.999998
0.930000,0.710000,0.999999
0.950000,0.710000,1.000000
0.970000,0.710000,1.000000
0.990000,0.710000,1.000000
1.010000,0.710000,1.000000
-0.010000,0.730000,1.000000
0.010000,0.730000,1.000000
0.030000,0.730000,1.000000
0.050000,0.730000,1.000000
0.070000,0.730000,0.999999
0.090000,0.730000,0.999998
0.110000,0.730000,0.999997
0.130000,0.730000,0.999993
0.150000,0.730000,0.999985
0.170000,0.730000,0.999971
0.190000,0.730000,0.999945
0.210000,0.730000,0.999900
0.230000,0.730000,0.999824
0.250000,0.730000,0.999704
0.270000,0.730000,0.999522
0.290000,0.730000,0.999258
0.310000,0.730000,0.998893
0.330000,0.730000,0.998413
0.350000,0.730000,0.997815
0.370000,0.730000,0.997108
0.390000,0.730000,0.996324
0.410000,0.730000,0.995510
0.430000,0.730000,0.994731
0.450000,0.730000,0.994060
0.470000,0.730000,0.993565
0.490000,0.730000,0.993302
0.510000,0.730000,0.993302
0.530000,0.730000,0.993565
0.550000,0.730000,0.994060
0.570000,0.730000,0.994731
0.590000,0.730000,0.995510
0.610000,0.730000,0.996324
0.630000,0.730000,0.997108
0.650000,0.730000,0.997815
0.670000,0.730000,0.998413
0.690000,0.730000,0.998893
0.710000,0.730000,0.999258
0.730000,0.730000,0.999522
0.750000,0.730000,0.999704
0.770000,0.730000,0.999824
0.790000,0.730000,0.999900
0.810000,0.730000,0.999945
0.830000,0.730000,0.999971
0.850000,0.730000,0.999985
0.870000,0.730000,0.999993
0.890000,0.730000,0.999997
0.910000,0.730000,0.999998
0.930000,0.730000,0.999999
0.950000,0.730000,1.000000
0.970000,0.730000,1.000000
0.990000,0.730000,1.000000
1.010000,0.730000,1.000000
-0.010000,0.750000,1.000000
0.010000,0.750000,1.000000
0.030000,0.750000,1.000000
0.050000,0.750000,1.000000
0.070000,0.750000,1.000000
0.090000,0.750000,0.999999
0.110000,0.750000,0.999998
0.130000,0.750000,0.999995
0.150000,0.750000,0.999990
0.170000,0.750000,0.999980
0.190000,0.750000,0.999963
0.210000,0.750000,0.999932
0.230000,0.750000,0.999882
0.250000,0.750000,0.999801
0.270000,0.750000,0.999679
0.290000,0.750000,0.999501
0.310000,0.750000,0.999255
0.330000,0.750000,0.998933
0.350000,0.750000,0.998530
0.370000,0.750000,0.998055
0.390000,0.750000,0.997528
0.410000,0.750000,0.996980
0.430000,0.750000,0.996456
0.450000,0.750000,0.996005
0.470000,0.750000,0.995672
0.490000,0.750000,0.995495
0.510000,0.750000,0.995495
0.530000,0.750000,0.995672
0.550000,0.750000,0.996005
0.570000,0.750000,0.996456
0.590000,0.750000,0.996980
0.610000,0.750000,0.997528
0.630000,0.750000,0.998055
0.650000,0.750000,0.998530
0.670000,0.750000,0.998933
0.690000,0.750000,0.999255
0.710000,0.750000,0.999501
0.730000,0.750000,0.999679
0.750000,0.750000,0.999801
0.770000,0.750000,0.999882
0.790000,0.750000,0.999932
0.810000,0.750000,0.999963
0.830000,0.750000,0.999980
0.850000,0.750000,0.999990
0.870000,0.750000,0.999995
0.890000,0.750000,0.999998
0.910000,0.750000,0.999999
0.930000,0.750000,1.000000
0.950000,0.750000,1.000000
0.970000,0.750000,1.000000
0.990000,0.750000,1.000000
1.010000,0.750000,1.000000
-0.010000,0.770000,1.000000
0.010000,0.770000,1.000000
0.030000,0.770000,1.000000
0.050000,0.770000,1.000000
0.070000,0.770000,1.000000
0.090000,0.770000,0.999999
0.110000,0.770000,0.999999
0.130000,0.770000,0.999997
0.150000,0.770000,0.999994
0.170000,0.770000,0.999987
0.190000,0.770000,0.999976
0.210000,0.770000,0.999957
0.230000,0.770000,0.999924
0.250000,0.770000,0.999872
0.270000,0.770000,0.999794
0.290000,0.770000,0.999679
0.310000,0.770000,0.999522
0.330000,0.770000,0.999315
0.350000,0.770000,0.999056
0.370000,0.770000,0.998751
0.390000,0.770000,0.998413
0.410000,0.770000,0.998061
0.430000,0.770000,0.997725
0.450000,0.770000,0.997435
0.470000,0.770000,0.997221
0.490000,0.770000,0.997107
0.510000,0.770000,0.997107
0.530000,0.770000,0.997221
0.550000,0.770000,0.997435
0.570000,0.770000,0.997725
0.590000,0.770000,0.998061
0.610000,0.770000,0.998413
0.630000,0.770000,0.998751
0.650000,0.770000,0.999056
0.670000,0.770000,0.999315
0.690000,0.770000,0.999522
0.710000,0.770000,0.999679
0.730000,0.770000,0.999794
0.750000,0.770000,0.999872
0.770000,0.770000,0.999924
0.790000,0.770000,0.999957
0.810000,0.770000,0.999976
0.830000,0.770000,0.999987
0.850000,0.770000,0.999994
0.870000,0.770000,0.999997
0.890000,0.770000,0.999999
0.910000,0.770000,0.999999
0.930000,0.770000,1.000000
0.950000,0.770000,1.000000
0.970000,0.770000,1.000000
0.990000,0.770000,1.000000
1.010000,0.770000,1.000000
-0.010000,0.790000,1.000000
0.010000,0.790000,1.000000
0.030000,0.790000,1.000000
0.050000,0.790000,1.000000
0.070000,0.790000,1.000000
0.090000,0.790000,1.000000
0.110000,0.790000,0.999999
0.130000,0.790000,0.999998
0.150000,0.790000,0.999996
0.170000,0.790000,0.999992
0.190000,0.790000,0.999985
0.210000,0.790000,0.999973
0.230000,0.790000,0.999953
0.250000,0.790000,0.999922
0.270000,0.790000,0.999873
0.290000,0.790000,0.999803
0.310000,0.790000,0.999707
0.330000,0.790000,0.999580
0.350000,0.790000,0.999421
0.370000,0.790000,0.999234
0.390000,0.790000,0.999026
0.410000,0.790000,0.998810
0.430000,0.790000,0.998604
0.450000,0.790000,0.998426
0.470000,0.790000,0.998295
0.490000,0.790000,0.998225
0.510000,0.790000,0.998225
0.530000,0.790000,0.998295
0.550000,0.790000,0.998426
0.570000,0.790000,0.998604
0.590000,0.790000,0.998810
0.610000,0.790000,0.999026
0.630000,0.790000,0.999234
0.650000,0.790000,0.999421
0.670000,0.790000,0.999580
0.690000,0.790000,0.999707
0.710000,0.790000,0.999803
0.730000,0.790000,0.999873
0.750000,0.790000,0.999922
0.770000,0.790000,0.999953
0.790000,0.790000,0.999973
0.810000,0.790000,0.999985
0.830000,0.790000,0.999992
0.850000,0.790000,0.999996
0.870000,0.790000,0.999998
0.890000,0.790000,0.999999
0.910000,0.790000,1.000000
0.930000,0.790000,1.000000
0.950000,0.790000,1.000000
0.970000,0.790000,1.000000
0.990000,0.790000,1.000000
1.010000,0.790000,1.000000
-0.010000,0.810000,1.000000
0.010000,0.810000,1.000000
0.030000,0.810000,1.000000
0.050000,0.810000,1.000000
0.070000,0.810000,1.000000
0.090000,0.810000,1.000000
0.110000,0.810000,0.999999
0.130000,0.810000,0.999999
0.150000,0.810000,0.999998
0.170000,0.810000,0.999995
0.190000,0.810000,0.999991
0.210000,0.810000,0.999984
0.230000,0.810000,0.999973
0.250000,0.810000,0.999954
0.270000,0.810000,0.999926
0.290000,0.810000,0.999885
0.310000,0.810000,0.999828
0.330000,0.810000,0.999753
0.350000,0.810000,0.999660
0.370000,0.810000,0.999551
0.390000,0.810000,0.999429
0.410000,0.810000,0.999302
0.430000,0.810000,0.999181
0.450000,0.810000,0.999077
0.470000,0.810000,0.999000
0.490000,0.810000,0.998959
0.510000,0.810000,0.998959
0.530000,0.810000,0.999000
0.550000,0.810000,0.999077
0.570000,0.810000,0.999181
0.590000,0.810000,0.999302
0.610000,0.810000,0.999429
0.630000,0.810000,0.999551
0.650000,0.810000,0.999660
0.670000,0.810000,0.999753
0.690000,0.810000,0.999828
0.710000,0.810000,0.999885
0.730000,0.810000,0.999926
0.750000,0.810000,0.999954
0.770000,0.810000,0.999973
0.790000,0.810000,0.999984
0.810000,0.810000,0.999991
0.830000,0.810000,0.999995
0.850000,0.810000,0.999998
0.870000,0.810000,0.999999
0.890000,0.810000,0.999999
0.910000,0.810000,1.000000
0.930000,0.810000,1.000000
0.950000,0.810000,1.000000
0.970000,0.810000,1.000000
0.990000,0.810000,1.000000
1.010000,0.810000,1.000000
-0.010000,0.830000,1.000000
0.010000,0.830000,1.000000
0.030000,0.830000,1.000000
0.050000,0.830000,1.000000
0.070000,0.830000,1.000000
0.090000,0.830000,1.000000
0.110000,0.830000,1.000000
0.130000,0.830000,0.999999
0.150000,0.830000,0.999999
0.170000,0.830000,0.999997
0.190000,0.830000,0.999995
0.210000,0.830000,0.999991
0.230000,0.830000,0.999985
0.250000,0.830000,0.999974
0.270000,0.830000,0.999958
0.290000,0.830000,0.999935
0.310000,0.830000,0.999903
0.330000,0.830000,0.999862
0.350000,0.830000,0.999809
0.370000,0.830000,0.999748
0.390000,0.830000,0.999679
0.410000,0.830000,0.999608
0.430000,0.830000,0.999540
0.450000,0.830000,0.999482
0.470000,0.830000,0.999439
0.490000,0.830000,0.999416
0.510000,0.830000,0.999416
0.530000,0.830000,0.999439
0.550000,0.830000,0.999482
0.570000,0.830000,0.999540
0.590000,0.830000,0.999608
0.610000,0.830000,0.999679
0.630000,0.830000,0.999748
0.650000,0.830000,0.999809
0.670000,0.830000,0.999862
0.690000,0.830000,0.999903
0.710000,0.830000,0.999935
0.730000,0.830000,0.999958
0.750000,0.830000,0.999974
0.770000,0.830000,0.999985
0.790000,0.830000,0.999991
0.810000,0.830000,0.999995
0.830000,0.830000,0.999997
0.850000,0.830000,0.999999
0.870000,0.830000,0.999999
0.890000,0.830000,1.000000
0.910000,0.830000,1.000000
0.930000,0.830000,1.000000
0.950000,0.830000,1.000000
0.970000,0.830000,1.000000
0.990000,0.830000,1.000000
1.010000,0.830000,1.000000
-0.010000,0.850000,1.000000
0.010000,0.850000,1.000000
0.030000,0.850000,1.000000
0.050000,0.850000,1.000000
0.070000,0.850000,1.000000
0.090000,0.850000,1.000000
0.110000,0.850000,1.000000
0.130000,0.850000,1.000000
0.150000,0.850000,0.999999
0.170000,0.850000,0.999999
0.190000,0.850000,0.999997
0.210000,0.850000,0.999995
0.230000,0.850000,0.999992
0.250000,0.850000,0.999986
0.270000,0.850000,0.999978
0.290000,0.850000,0.999965
0.310000,0.850000,0.999948
0.330000,0.850000,0.999926
0.350000,0.850000,0.999898
0.370000,0.850000,0.999864
0.390000,0.850000,0.999828
0.410000,0.850000,0.999790
0.430000,0.850000,0.999753
0.450000,0.850000,0.999722
0.470000,0.850000,0.999698
0.490000,0.850000,0.999686
0.510000,0.850000,0.999686
0.530000,0.850000,0.999698
0.550000,0.850000,0.999722
0.570000,0.850000,0.999753
0.590000,0.850000,0.999790
0.610000,0.850000,0.999828
0.630000,0.850000,0.999864
0.650000,0.850000,0.999898
0.670000,0.850000,0.999926
0.690000,0.850000,0.999948
0.710000,0.850000,0.999965
0.730000,0.850000,0.999978
0.750000,0.850000,0.999986
0.770000,0.850000,0.999992
0.790000,0.850000,0.999995
0.810000,0.850000,0.999997
0.830000,0.850000,0.999999
0.850000,0.850000,0.999999
0.870000,0.850000,1.000000
0.890000,0.850000,1.000000
0.910000,0.850000,1.000000
0.930000,0.850000,1.000000
0.950000,0.850000,1.000000
0.970000,0.850000,1.000000
0.990000,0.850000,1.000000
1.010000,0.850000,1.000000
-0.010000,0.870000,1.000000
0.010000,0.870000,1.000000
0.030000,0.870000,1.000000
0.050000,0.870000,1.000000
0.070000,0.870000,1.000000
0.090000,0.870000,1.000000
0.110000,0.870000,1.000000
0.130000,0.870000,1.000000
0.150000,0.870000,1.000000
0.170000,0.870000,0.999999
0.190000,0.870000,0.999999
0.210000,0.870000,0.999998
0.230000,0.870000,0.999996
0.250000,0.870000,0.999993
0.270000,0.870000,0.999988
0.290000,0.870000,0.999982
0.310000,0.870000,0.999973
0.330000,0.870000,0.999962
0.350000,0.870000,0.999947
0.370000,0.870000,0.999930
0.390000,0.870000,0.999911
0.410000,0.870000,0.999892
0.430000,0.870000,0.999873
0.450000,0.870000,0.999857
0.470000,0.870000,0.999845
0.490000,0.870000,0.999838
0.510000,0.870000,0.999838
0.530000,0.870000,0.999845
0.550000,0.870000,0.999857
0.570000,0.870000,0.999873
0.590000,0.870000,0.999892
0.610000,0.870000,0.999911
0.630000,0.870000,0.999930
0.650000,0.870000,0.999947
0.670000,0.870000,0.999962
0.690000,0.870000,0.999973
0.710000,0.870000,0.999982
0.730000,0.870000,0.999988
0.750000,0.870000,0.999993
0.770000,0.870000,0.999996
0.790000,0.870000,0.999998
0.810000,0.870000,0.999999
0.830000,0.870000,0.999999
0.850000,0.870000,1.000000
0.870000,0.870000,1.000000
0.890000,0.870000,1.000000
0.910000,0.870000,1.000000
0.930000,0.870000,1.000000
0.950000,0.870000,1.000000
0.970000,0.870000,1.000000
0.990000,0.870000,1.000000
1.010000,0.870000,1.000000
-0.010000,0.890000,1.000000
0.010000,0.890000,1.000000
0.030000,0.890000,1.000000
0.050000,0.890000,1.000000
0.070000,0.890000,1.000000
0.090000,0.890000,1.000000
0.110000,0.890000,1.000000
0.130000,0.890000,1.000000
0.150000,0.890000,1.000000
0.170000,0.890000,1.000000
0.190000,0.890000,0.999999
0.210000,0.890000,0.999999
0.230000,0.890000,0.999998
0.250000,0.890000,0.999996
0.270000,0.890000,0.999994
0.290000,0.890000,0.999991
0.310000,0.890000,0.999987
0.330000,0.890000,0.999981
0.350000,0.890000,0.999974
0.370000,0.890000,0.999966
0.390000,0.890000,0.999956
0.410000,0.890000,0.999947
0.430000,0.890000,0.999937
0.450000,0.890000,0.999929
0.470000,0.890000,0.999923
0.490000,0.890000,0.999920
0.510000,0.890000,0.999920
0.530000,0.890000,0.999923
0.550000,0.890000,0.999929
0.570000,0.890000,0.999937
0.590000,0.890000,0.999947
0.610000,0.890000,0.999956
0.630000,0.890000,0.999966
0.650000,0.890000,0.999974
0.670000,0.890000,0.999981
0.690000,0.890000,0.999987
0.710000,0.890000,0.999991
0.730000,0.890000,0.999994
0.750000,0.890000,0.999996
0.770000,0.890000,0.999998
0.790000,0.890000,0.999999
0.810000,0.890000,0.999999
0.830000,0.890000,1.000000
0.850000,0.890000,1.000000
0.870000,0.890000,1.000000
0.890000,0.890000,1.000000
0.910000,0.890000,1.000000
0.930000,0.890000,1.000000
0.950000,0.890000,1.000000
0.970000,0.890000,1.000000
0.990000,0.890000,1.000000
1.010000,0.890000,1.000000
-0.010000,0.910000,1.000000
0.010000,0.910000,1.000000
0.030000,0.910000,1.000000
0.050000,0.910000,1.000000
0.070000,0.910000,1.000000
0.090000,0.910000,1.000000
0.110000,0.910000,1.000000
0.130000,0.910000,1.000000
0.150000,0.910000,1.000000
0.170000,0.910000,1.000000
0.190000,0.910000,1.000000
0.210000,0.910000,0.999999
0.230000,0.910000,0.999999
0.250000,0.910000,0.999998
0.270000,0.910000,0.999997
0.290000,0.910000,0.999996
0.310000,0.910000,0.999994
0.330000,0.910000,0.999991
0.350000,0.910000,0.999988
0.370000,0.910000,0.999984
0.390000,0.910000,0.999979
0.410000,0.910000,0.999975
0.430000,0.910000,0.999970
0.450000,0.910000,0.999967
0.470000,0.910000,0.999964
0.490000,0.910000,0.999962
0.510000,0.910000,0.999962
0.530000,0.910000,0.999964
0.550000,0.910000,0.999967
0.570000,0.910000,0.999970
0.590000,0.910000,0.999975
0.610000,0.910000,0.999979
0.630000,0.910000,0.999984
0.650000,0.910000,0.999988
0.670000,0.910000,0.999991
0.690000,0.910000,0.999994
0.710000,0.910000,0.999996
0.730000,0.910000,0.999997
0.750000,0.910000,0.999998
0.770000,0.910000,0.999999
0.790000,0.910000,0.999999
0.810000,0.910000,1.000000
0.830000,0.910000,1.000000
0.850000,0.910000,1.000000
0.870000,0.910000,1.000000
0.890000,0.910000,1.000000
0.910000,0.910000,1.000000
0.930000,0.910000,1.000000
0.950000,0.910000,1.000000
0.970000,0.910000,1.000000
0.990000,0.910000,1.000000
1.010000,0.910000,1.000000
-0.010000,0.930000,1.000000
0.010000,0.930000,1.000000
0.030000,0.930000,1.000000
0.050000,0.930000,1.000000
0.070000,0.930000,1.000000
0.090000,0.930000,1.000000
0.110000,0.930000,1.000000
0.130000,0.930000,1.000000
0.150000,0.930000,1.000000
0.170000,0.930000,1.000000
0.190000,0.930000,1.000000
0.210000,0.930000,1.000000
0.230000,0.930000,1.000000
0.250000,0.930000,0.999999
0.270000,0.930000,0.999999
0.290000,0.930000,0.999998
0.310000,0.930000,0.999997
0.330000,0.930000,0.999996
0.350000,0.930000,0.999994
0.370000,0.930000,0.999993
0.390000,0.930000,0.999991
0.410000,0.930000,0.999989
0.430000,0.930000,0.999987
0.450000,0.930000,0.999985
0.470000,0.930000,0.999984
0.490000,0.930000,0.999983
0.510000,0.930000,0.999983
0.530000,0.930000,0.999984
0.550000,0.930000,0.999985
0.570000,0.930000,0.999987
0.590000,0.930000,0.999989
0.610000,0.930000,0.999991
0.630000,0.930000,0.999993
0.650000,0.930000,0.999994
0.670000,0.930000,0.999996
0.690000,0.930000,0.999997
0.710000,0.930000,0.999998
0.730000,0.930000,0.999999
0.750000,0.930000,0.999999
0.770000,0.930000,1.000000
0.790000,0.930000,1.000000
0.810000,0.930000,1.000000
0.830000,0.930000,1.000000
0.850000,0.930000,1.000000
0.870000,0.930000,1.000000
0.890000,0.930000,1.000000
0.910000,0.930000,1.000000
0.930000,0.930000,1.000000
0.950000,0.930000,1.000000
0.970000,0.930000,1.000000
0.990000,0.930000,1.000000
1.010000,0.930000,1.000000
-0.010000,0.950000,1.000000
0.010000,0.950000,1.000000
0.030000,0.950000,1.000000
0.050000,0.950000,1.000000
0.070000,0.950000,1.000000
0.090000,0.950000,1.000000
0.110000,0.950000,1.000000
0.130000,0.950000,1.000000
0.150000,0.950000,1.000000
0.170000,0.950000,1.000000
0.190000,0.950000,1.000000
0.210000,0.950000,1.000000
0.230000,0.950000,1.000000
0.250000,0.950000,1.000000
0.270000,0.950000,0.999999
0.290000,0.950000,0.999999
0.310000,0.950000,0.999999
0.330000,0.950000,0.999998
0.350000,0.950000,0.999998
0.370000,0.950000,0.999997
0.390000,0.950000,0.999996
0.410000,0.950000,0.999995
0.430000,0.950000,0.999994
0.450000,0.950000,0.999993
0.470000,0.950000,0.999993
0.490000,0.950000,0.999993
0.510000,0.950000,0.999993
0.530000,0.950000,0.999993
0.550000,0.950000,0.999993
0.570000,0.950000,0.999994
0.590000,0.950000,0.999995
0.610000,0.950000,0.999996
0.630000,0.950000,0.999997
0.650000,0.950000,0.999998
0.670000,0.950000,0.999998
0.690000,0.950000,0.999999
0.710000,0.950000,0.999999
0.730000,0.950000,0.999999
0.750000,0.950000,1.000000
0.770000,0.950000,1.000000
0.790000,0.950000,1.000000
0.810000,0.950000,1.000000
0.830000,0.950000,1.000000
0.850000,0.950000,1.000000
0.870000,0.950000,1.000000
0.890000,0.950000,1.000000
0.910000,0.950000,1.000000
0.930000,0.950000,1.000000
0.950000,0.950000,1.000000
0.970000,0.950000,1.000000
0.990000,0.950000,1.000000
1.010000,0.950000,1.000000
-0.010000,0.970000,1.000000
0.010000,0.970000,1.000000
0.030000,0.970000,1.000000
0.050000,0.970000,1.000000
0.070000,0.970000,1.000000
0.090000,0.970000,1.000000
0.110000,0.970000,1.000000
0.130000,0.970000,1.000000
0.150000,0.970000,1.000000
0.170000,0.970000,1.000000
0.190000,0.970000,1.000000
0.210000,0.970000,1.000000
0.230000,0.970000,1.000000
0.250000,0.970000,1.000000
0.270000,0.970000,1.000000
0.290000,0.970000,1.000000
0.310000,0.970000,0.999999
0.330000,0.970000,0.999999
0.350000,0.970000,0.999999
0.370000,0.970000,0.999999
0.390000,0.970000,0.999998
0.410000,0.970000,0.999998
0.430000,0.970000,0.999998
0.450000,0.970000,0.999997
0.470000,0.970000,0.999997
0.490000,0.970000,0.999997
0.510000,0.970000,0.999997
0.530000,0.970000,0.999997
0.550000,0.970000,0.999997
0.570000,0.970000,0.999998
0.590000,0.970000,0.999998
0.610000,0.970000,0.999998
0.630000,0.970000,0.999999
0.650000,0.970000,0.999999
0.670000,0.970000,0.999999
0.690000,0.970000,0.999999
0.710000,0.970000,1.000000
0.730000,0.970000,1.000000
0.750000,0.970000,1.000000
0.770000,0.970000,1.000000
0.790000,0.970000,1.000000
0.810000,0.970000,1.000000
0.830000,0.970000,1.000000
0.850000,0.970000,1.000000
0.870000,0.970000,1.000000
0.890000,0.970000,1.000000
0.910000,0.970000,1.000000
0.930000,0.970000,1.000000
0.950000,0.970000,1.000000
0.970000,0.970000,1.000000
0.990000,0.970000,1.000000
1.010000,0.970000,1.000000
-0.010000,0.990000,1.000000
0.010000,0.990000,1.000000
0.030000,0.990000,1.000000
0.050000,0.990000,1.000000
0.070000,0.990000,1.000000
0.090000,0.990000,1.000000
0.110000,0.990000,1.000000
0.130000,0.990000,1.000000
0.150000,0.990000,1.000000
0.170000,0.990000,1.000000
0.190000,0.990000,1.000000
0.210000,0.990000,1.000000
0.230000,0.990000,1.000000
0.250000,0.990000,1.000000
0.270000,0.990000,1.000000
0.290000,0.990000,1.000000
0.310000,0.990000,1.000000
0.330000,0.990000,1.000000
0.350000,0.990000,1.000000
0.370000,0.990000,0.999999
0.390000,0.990000,0.999999
0.410000,0.990000,0.999999
0.430000,0.990000,0.999999
0.450000,0.990000,0.999999
0.470000,0.990000,0.999999
0.490000,0.990000,0.999999
0.510000,0.990000,0.999999
0.530000,0.990000,0.999999
0.550000,0.990000,0.999999
0.570000,0.990000,0.999999
0.590000,0.990000,0.999999
0.610000,0.990000,0.999999
0.630000,0.990000,0.999999
0.650000,0.990000,1.000000
0.670000,0.990000,1.000000
0.690000,0.990000,1.000000
0.710000,0.990000,1.000000
0.730000,0.990000,1.000000
0.750000,0.990000,1.000000
0.770000,0.990000,1.000000
0.790000,0.990000,1.000000
0.810000,0.990000,1.000000
0.830000,0.990000,1.000000
0.850000,0.990000,1.000000
0.870000,0.990000,1.000000
0.890000,0.990000,1.000000
0.910000,0.990000,1.000000
0.930000,0.990000,1.000000
0.950000,0.990000,1.000000
0.970000,0.990000,1.000000
0.990000,0.990000,1.000000
1.010000,0.990000,1.000000
-0.010000,1.010000,1.000000
0.010000,1.010000,1.000000
0.030000,1.010000,1.000000
0.050000,1.010000,1.000000
0.070000,1.010000,1.000000
0.090000,1.010000,1.000000
0.110000,1.010000,1.000000
0.130000,1.010000,1.000000
0.150000,1.010000,1.000000
0.170000,1.010000,1.000000
0.190000,1.010000,1.000000
0.210000,1.010000,1.000000
0.230000,1.010000,1.000000
0.250000,1.010000,1.000000
0.270000,1.010000,1.000000
0.290000,1.010000,1.000000
0.310000,1.010000,1.000000
0.330000,1.010000,1.000000
0.350000,1.010000,1.000000
0.370000,1.010000,1.000000
0.390000,1.010000,1.000000
0.410000,1.010000,1.000000
0.430000,1.010000,1.000000
0.450000,1.010000,1.000000
0.470000,1.010000,1.000000
0.490000,1.010000,1.000000
0.510000,1.010000,1.000000
0.530000,1.010000,1.000000
0.550000,1.010000,1.000000
0.570000,1.010000,1.000000
0.590000,1.010000,1.000000
0.610000,1.010000,1.000000
0.630000,1.010000,1.000000
0.650000,1.010000,1.000000
0.670000,1.010000,1.000000
0.690000,1.010000,1.000000
0.710000,1.010000,1.000000
0.730000,1.010000,1.000000
0.750000,1.010000,1.000000
0.770000,1.010000,1.000000
0.790000,1.010000,1.000000
0.810000,1.010000,1.000000
0.830000,1.010000,1.000000
0.850000,1.010000,1.000000
0.870000,1.010000,1.000000
0.890000,1.010000,1.000000
0.910000,1.010000,1.000000
0.930000,1.010000,1.000000
0.950000,1.010000,1.000000
0.970000,1.010000,1.000000
0.990000,1.010000,1.000000
1.010000,1.010000,1.000000
