TITLE = "Post Processing Tecplot"
VARIABLES = "X","Y","T"
ZONE T="BIG ZONE", I=52, J=52, DATAPACKING=POINT
-0.010000,-0.010000,100.000000
0.010000,-0.010000,100.000000
0.030000,-0.010000,100.000000
0.050000,-0.010000,100.000000
0.070000,-0.010000,100.000000
0.090000,-0.010000,100.000000
0.110000,-0.010000,100.000000
0.130000,-0.010000,100.000000
0.150000,-0.010000,100.000000
0.170000,-0.010000,100.000000
0.190000,-0.010000,100.000000
0.210000,-0.010000,100.000000
0.230000,-0.010000,100.000000
0.250000,-0.010000,100.000000
0.270000,-0.010000,100.000000
0.290000,-0.010000,100.000000
0.310000,-0.010000,100.000000
0.330000,-0.010000,100.000000
0.350000,-0.010000,100.000000
0.370000,-0.010000,100.000000
0.390000,-0.010000,100.000000
0.410000,-0.010000,100.000000
0.430000,-0.010000,100.000000
0.450000,-0.010000,100.000000
0.470000,-0.010000,100.000000
0.490000,-0.010000,100.000000
0.510000,-0.010000,100.000000
0.530000,-0.010000,100.000000
0.550000,-0.010000,100.000000
0.570000,-0.010000,100.000000
0.590000,-0.010000,100.000000
0.610000,-0.010000,100.000000
0.630000,-0.010000,100.000000
0.650000,-0.010000,100.000000
0.670000,-0.010000,100.000000
0.690000,-0.010000,100.000000
0.710000,-0.010000,100.000000
0.730000,-0.010000,100.000000
0.750000,-0.010000,100.000000
0.770000,-0.010000,100.000000
0.790000,-0.010000,100.000000
0.810000,-0.010000,100.000000
0.830000,-0.010000,100.000000
0.850000,-0.010000,100.000000
0.870000,-0.010000,100.000000
0.890000,-0.010000,100.000000
0.910000,-0.010000,100.000000
0.930000,-0.010000,100.000000
0.950000,-0.010000,100.000000
0.970000,-0.010000,100.000000
0.990000,-0.010000,100.000000
1.010000,-0.010000,100.000000
-0.010000,0.010000,100.000000
0.010000,0.010000,99.915821
0.030000,0.010000,99.831642
0.050000,0.010000,99.747461
0.070000,0.010000,99.663274
0.090000,0.010000,99.579068
0.110000,0.010000,99.494827
0.130000,0.010000,99.410524
0.150000,0.010000,99.326122
0.170000,0.010000,99.241570
0.190000,0.010000,99.156805
0.210000,0.010000,99.071746
0.230000,0.010000,98.986294
0.250000,0.010000,98.900331
0.270000,0.010000,98.813712
0.290000,0.010000,98.726271
0.310000,0.010000,98.637812
0.330000,0.010000,98.548107
0.350000,0.010000,98.456892
0.370000,0.010000,98.363863
0.390000,0.010000,98.268673
0.410000,0.010000,98.170921
0.430000,0.010000,98.070148
0.450000,0.010000,97.965824
0.470000,0.010000,97.857343
0.490000,0.010000,97.744003
0.510000,0.010000,97.624988
0.530000,0.010000,97.499354
0.550000,0.010000,97.365990
0.570000,0.010000,97.223592
0.590000,0.010000,97.070611
0.610000,0.010000,96.905199
0.630000,0.010000,96.725123
0.650000,0.010000,96.527669
0.670000,0.010000,96.309493
0.690000,0.010000,96.066430
0.710000,0.010000,95.793219
0.730000,0.010000,95.483113
0.750000,0.010000,95.127309
0.770000,0.010000,94.714093
0.790000,0.010000,94.227520
0.810000,0.010000,93.645305
0.830000,0.010000,92.935313
0.850000,0.010000,92.049449
0.870000,0.010000,90.912387
0.890000,0.010000,89.399357
0.910000,0.010000,87.288745
0.930000,0.010000,84.151138
0.950000,0.010000,79.061357
0.970000,0.010000,69.765339
0.990000,0.010000,50.000000
1.010000,0.010000,0.000000
-0.010000,0.030000,100.000000
0.010000,0.030000,99.831642
0.030000,0.030000,99.663286
0.050000,0.030000,99.494930
0.070000,0.030000,99.326565
0.090000,0.030000,99.158172
0.110000,0.030000,98.989717
0.130000,0.030000,98.821148
0.150000,0.030000,98.652393
0.170000,0.030000,98.483354
0.190000,0.030000,98.313904
0.210000,0.030000,98.143885
0.230000,0.030000,97.973101
0.250000,0.030000,97.801316
0.270000,0.030000,97.628247
0.290000,0.030000,97.453561
0.310000,0.030000,97.276871
0.330000,0.030000,97.097723
0.350000,0.030000,96.915596
0.370000,0.030000,96.729889
0.390000,0.030000,96.539909
0.410000,0.030000,96.344864
0.430000,0.030000,96.143845
0.450000,0.030000,95.935807
0.470000,0.030000,95.719547
0.490000,0.030000,95.493679
0.510000,0.030000,95.256597
0.530000,0.030000,95.006436
0.550000,0.030000,94.741014
0.570000,0.030000,94.457765
0.590000,0.030000,94.153654
0.610000,0.030000,93.825060
0.630000,0.030000,93.467625
0.650000,0.030000,93.076060
0.670000,0.030000,92.643874
0.690000,0.030000,92.163009
0.710000,0.030000,91.623333
0.730000,0.030000,91.011923
0.750000,0.030000,90.312029
0.770000,0.030000,89.501543
0.790000,0.030000,88.550683
0.810000,0.030000,87.418387
0.830000,0.030000,86.046499
0.850000,0.030000,84.350097
0.870000,0.030000,82.200742
0.890000,0.030000,79.396296
0.910000,0.030000,75.604484
0.930000,0.030000,70.254450
0.950000,0.030000,62.328952
0.970000,0.030000,50.000000
0.990000,0.030000,30.234661
1.010000,0.030000,0.000000
-0.010000,0.050000,100.000000
0.010000,0.050000,99.747461
0.030000,0.050000,99.494930
0.050000,0.050000,99.242408
0.070000,0.050000,98.989885
0.090000,0.050000,98.737338
0.110000,0.050000,98.484719
0.130000,0.050000,98.231958
0.150000,0.050000,97.978948
0.170000,0.050000,97.725548
0.190000,0.050000,97.471573
0.210000,0.050000,97.216789
0.230000,0.050000,96.960909
0.250000,0.050000,96.703584
0.270000,0.050000,96.444397
0.290000,0.050000,96.182857
0.310000,0.050000,95.918387
0.330000,0.050000,95.650319
0.350000,0.050000,95.377882
0.370000,0.050000,95.100186
0.390000,0.050000,94.816209
0.410000,0.050000,94.524782
0.430000,0.050000,94.224562
0.450000,0.050000,93.914010
0.470000,0.050000,93.591358
0.490000,0.050000,93.254568
0.510000,0.050000,92.901286
0.530000,0.050000,92.528780
0.550000,0.050000,92.133864
0.570000,0.050000,91.712801
0.590000,0.050000,91.261181
0.610000,0.050000,90.773761
0.630000,0.050000,90.244257
0.650000,0.050000,89.665073
0.670000,0.050000,89.026934
0.690000,0.050000,88.318398
0.710000,0.050000,87.525180
0.730000,0.050000,86.629218
0.750000,0.050000,85.607341
0.770000,0.050000,84.429365
0.790000,0.050000,83.055283
0.810000,0.050000,81.431060
0.830000,0.050000,79.482197
0.850000,0.050000,77.103699
0.870000,0.050000,74.144189
0.890000,0.050000,70.380601
0.910000,0.050000,65.478447
0.930000,0.050000,58.933224
0.950000,0.050000,50.000000
0.970000,0.050000,37.671048
0.990000,0.050000,20.938643
1.010000,0.050000,0.000000
-0.010000,0.070000,100.000000
0.010000,0.070000,99.663274
0.030000,0.070000,99.326565
0.050000,0.070000,98.989885
0.070000,0.070000,98.653230
0.090000,0.070000,98.316574
0.110000,0.070000,97.979866
0.130000,0.070000,97.643016
0.150000,0.070000,97.305893
0.170000,0.070000,96.968316
0.190000,0.070000,96.630049
0.210000,0.070000,96.290790
0.230000,0.070000,95.950163
0.250000,0.070000,95.607715
0.270000,0.070000,95.262902
0.290000,0.070000,94.915081
0.310000,0.070000,94.563500
0.330000,0.070000,94.207285
0.350000,0.070000,93.845427
0.370000,0.070000,93.476763
0.390000,0.070000,93.099960
0.410000,0.070000,92.713492
0.430000,0.070000,92.315611
0.450000,0.070000,91.904314
0.470000,0.070000,91.477307
0.490000,0.070000,91.031949
0.510000,0.070000,90.565199
0.530000,0.070000,90.073534
0.550000,0.070000,89.552861
0.570000,0.070000,88.998394
0.590000,0.070000,88.404509
0.610000,0.070000,87.764547
0.630000,0.070000,87.070570
0.650000,0.070000,86.313040
0.670000,0.070000,85.480390
0.690000,0.070000,84.558468
0.710000,0.070000,83.529773
0.730000,0.070000,82.372427
0.750000,0.070000,81.058752
0.770000,0.070000,79.553294
0.790000,0.070000,77.810025
0.810000,0.070000,75.768374
0.830000,0.070000,73.347530
0.850000,0.070000,70.438312
0.870000,0.070000,66.891713
0.890000,0.070000,62.503470
0.910000,0.070000,56.995479
0.930000,0.070000,50.000000
0.950000,0.070000,41.066776
0.970000,0.070000,29.745550
0.990000,0.070000,15.848862
1.010000,0.070000,0.000000
-0.010000,0.090000,100.000000
0.010000,0.090000,99.579068
0.030000,0.090000,99.158172
0.050000,0.090000,98.737338
0.070000,0.090000,98.316574
0.090000,0.090000,97.895864
0.110000,0.090000,97.475154
0.130000,0.090000,97.054346
0.150000,0.090000,96.633291
0.170000,0.090000,96.211776
0.190000,0.090000,95.789519
0.210000,0.090000,95.366157
0.230000,0.090000,94.941238
0.250000,0.090000,94.514210
0.270000,0.090000,94.084414
0.290000,0.090000,93.651065
0.310000,0.090000,93.213247
0.330000,0.090000,92.769895
0.350000,0.090000,92.319777
0.370000,0.090000,91.861479
0.390000,0.090000,91.393377
0.410000,0.090000,90.913616
0.430000,0.090000,90.420075
0.450000,0.090000,89.910330
0.470000,0.090000,89.381606
0.490000,0.090000,88.830723
0.510000,0.090000,88.254026
0.530000,0.090000,87.647296
0.550000,0.090000,87.005651
0.570000,0.090000,86.323406
0.590000,0.090000,85.593913
0.610000,0.090000,84.809347
0.630000,0.090000,83.960437
0.650000,0.090000,83.036125
0.670000,0.090000,82.023119
0.690000,0.090000,80.905312
0.710000,0.090000,79.663018
0.730000,0.090000,78.271964
0.750000,0.090000,76.701947
0.770000,0.090000,74.915033
0.790000,0.090000,72.863150
0.810000,0.090000,70.484879
0.830000,0.090000,67.701237
0.850000,0.090000,64.410307
0.870000,0.090000,60.480882
0.890000,0.090000,55.746088
0.910000,0.090000,50.000000
0.930000,0.090000,43.004521
0.950000,0.090000,34.521553
0.970000,0.090000,24.395516
0.990000,0.090000,12.711255
1.010000,0.090000,0.000000
-0.010000,0.110000,100.000000
0.010000,0.110000,99.494827
0.030000,0.110000,98.989717
0.050000,0.110000,98.484719
0.070000,0.110000,97.979866
0.090000,0.110000,97.475154
0.110000,0.110000,96.970539
0.130000,0.110000,96.465924
0.150000,0.110000,95.961149
0.170000,0.110000,95.455978
0.190000,0.110000,94.950094
0.210000,0.110000,94.443081
0.230000,0.110000,93.934421
0.250000,0.110000,93.423475
0.270000,0.110000,92.909477
0.290000,0.110000,92.391518
0.310000,0.110000,91.868529
0.330000,0.110000,91.339270
0.350000,0.110000,90.802309
0.370000,0.110000,90.255998
0.390000,0.110000,89.698452
0.410000,0.110000,89.127519
0.430000,0.110000,88.540743
0.450000,0.110000,87.935323
0.470000,0.110000,87.308064
0.490000,0.110000,86.655312
0.510000,0.110000,85.972885
0.530000,0.110000,85.255974
0.550000,0.110000,84.499040
0.570000,0.110000,83.695666
0.590000,0.110000,82.838391
0.610000,0.110000,81.918490
0.630000,0.110000,80.925705
0.650000,0.110000,79.847905
0.670000,0.110000,78.670650
0.690000,0.110000,77.376642
0.710000,0.110000,75.945021
0.730000,0.110000,74.350465
0.750000,0.110000,72.562040
0.770000,0.110000,70.541741
0.790000,0.110000,68.242662
0.810000,0.110000,65.606756
0.830000,0.110000,62.562231
0.850000,0.110000,59.020798
0.870000,0.110000,54.875420
0.890000,0.110000,50.000000
0.910000,0.110000,44.253912
0.930000,0.110000,37.496530
0.950000,0.110000,29.619399
0.970000,0.110000,20.603704
0.990000,0.110000,10.600643
1.010000,0.110000,0.000000
-0.010000,0.130000,100.000000
0.010000,0.130000,99.410524
0.030000,0.130000,98.821148
0.050000,0.130000,98.231958
0.070000,0.130000,97.643016
0.090000,0.130000,97.054346
0.110000,0.130000,96.465924
0.130000,0.130000,95.877663
0.150000,0.130000,95.289402
0.170000,0.130000,94.700895
0.190000,0.130000,94.111796
0.210000,0.130000,93.521653
0.230000,0.130000,92.929889
0.250000,0.130000,92.335792
0.270000,0.130000,91.738503
0.290000,0.130000,91.137000
0.310000,0.130000,90.530081
0.330000,0.130000,89.916349
0.350000,0.130000,89.294190
0.370000,0.130000,88.661751
0.390000,0.130000,88.016915
0.410000,0.130000,87.357265
0.430000,0.130000,86.680055
0.450000,0.130000,85.982157
0.470000,0.130000,85.260014
0.490000,0.130000,84.509577
0.510000,0.130000,83.726226
0.530000,0.130000,82.904676
0.550000,0.130000,82.038869
0.570000,0.130000,81.121828
0.590000,0.130000,80.145495
0.610000,0.130000,79.100516
0.630000,0.130000,77.975989
0.650000,0.130000,76.759140
0.670000,0.130000,75.434934
0.690000,0.130000,73.985586
0.710000,0.130000,72.389960
0.730000,0.130000,70.622835
0.750000,0.130000,68.654006
0.770000,0.130000,66.447229
0.790000,0.130000,63.959001
0.810000,0.130000,61.137253
0.830000,0.130000,57.920133
0.850000,0.130000,54.235233
0.870000,0.130000,50.000000
0.890000,0.130000,45.124580
0.910000,0.130000,39.519118
0.930000,0.130000,33.108287
0.950000,0.130000,25.855811
0.970000,0.130000,17.799258
0.990000,0.130000,9.087613
1.010000,0.130000,0.000000
-0.010000,0.150000,100.000000
0.010000,0.150000,99.326122
0.030000,0.150000,98.652393
0.050000,0.150000,97.978948
0.070000,0.150000,97.305893
0.090000,0.150000,96.633291
0.110000,0.150000,95.961149
0.130000,0.150000,95.289402
0.150000,0.150000,94.617902
0.170000,0.150000,93.946402
0.190000,0.150000,93.274544
0.210000,0.150000,92.601846
0.230000,0.150000,91.927689
0.250000,0.150000,91.251301
0.270000,0.150000,90.571744
0.290000,0.150000,89.887898
0.310000,0.150000,89.198446
0.330000,0.150000,88.501854
0.350000,0.150000,87.796350
0.370000,0.150000,87.079902
0.390000,0.150000,86.350190
0.410000,0.150000,85.604573
0.430000,0.150000,84.840054
0.450000,0.150000,84.053234
0.470000,0.150000,83.240259
0.490000,0.150000,82.396757
0.510000,0.150000,81.517766
0.530000,0.150000,80.597637
0.550000,0.150000,79.629931
0.570000,0.150000,78.607282
0.590000,0.150000,77.521244
0.610000,0.150000,76.362092
0.630000,0.150000,75.118594
0.650000,0.150000,73.777732
0.670000,0.150000,72.324359
0.690000,0.150000,70.740806
0.710000,0.150000,69.006399
0.730000,0.150000,67.096908
0.750000,0.150000,64.983920
0.770000,0.150000,62.634169
0.790000,0.150000,60.008859
0.810000,0.150000,57.063123
0.830000,0.150000,53.745814
0.850000,0.150000,50.000000
0.870000,0.150000,45.764767
0.890000,0.150000,40.979202
0.910000,0.150000,35.589693
0.930000,0.150000,29.561688
0.950000,0.150000,22.896301
0.970000,0.150000,15.649903
0.990000,0.150000,7.950551
1.010000,0.150000,0.000000
-0.010000,0.170000,100.000000
0.010000,0.170000,99.241570
0.030000,0.170000,98.483354
0.050000,0.170000,97.725548
0.070000,0.170000,96.968316
0.090000,0.170000,96.211776
0.110000,0.170000,95.455978
0.130000,0.170000,94.700895
0.150000,0.170000,93.946402
0.170000,0.170000,93.192266
0.190000,0.170000,92.438131
0.210000,0.170000,91.683499
0.230000,0.170000,90.927721
0.250000,0.170000,90.169979
0.270000,0.170000,89.409273
0.290000,0.170000,88.644402
0.310000,0.170000,87.873951
0.330000,0.170000,87.096271
0.350000,0.170000,86.309454
0.370000,0.170000,85.511318
0.390000,0.170000,84.699370
0.410000,0.170000,83.870783
0.430000,0.170000,83.022355
0.450000,0.170000,82.150467
0.470000,0.170000,81.251029
0.490000,0.170000,80.319427
0.510000,0.170000,79.350443
0.530000,0.170000,78.338175
0.550000,0.170000,77.275934
0.570000,0.170000,76.156127
0.590000,0.170000,74.970107
0.610000,0.170000,73.708013
0.630000,0.170000,72.358565
0.650000,0.170000,70.908833
0.670000,0.170000,69.343966
0.690000,0.170000,67.646882
0.710000,0.170000,65.797922
0.730000,0.170000,63.774476
0.750000,0.170000,61.550599
0.770000,0.170000,59.096667
0.790000,0.170000,56.379142
0.810000,0.170000,53.360566
0.830000,0.170000,50.000000
0.850000,0.170000,46.254186
0.870000,0.170000,42.079867
0.890000,0.170000,37.437769
0.910000,0.170000,32.298763
0.930000,0.170000,26.652470
0.950000,0.170000,20.517803
0.970000,0.170000,13.953501
0.990000,0.170000,7.064687
1.010000,0.170000,0.000000
-0.010000,0.190000,100.000000
0.010000,0.190000,99.156805
0.030000,0.190000,98.313904
0.050000,0.190000,97.471573
0.070000,0.190000,96.630049
0.090000,0.190000,95.789519
0.110000,0.190000,94.950094
0.130000,0.190000,94.111796
0.150000,0.190000,93.274544
0.170000,0.190000,92.438131
0.190000,0.190000,91.602215
0.210000,0.190000,90.766298
0.230000,0.190000,89.929717
0.250000,0.190000,89.091622
0.270000,0.190000,88.250966
0.290000,0.190000,87.406486
0.310000,0.190000,86.556687
0.330000,0.190000,85.699823
0.350000,0.190000,84.833879
0.370000,0.190000,83.956544
0.390000,0.190000,83.065189
0.410000,0.190000,82.156835
0.430000,0.190000,81.228117
0.450000,0.190000,80.275248
0.470000,0.190000,79.293965
0.490000,0.190000,78.279478
0.510000,0.190000,77.226403
0.530000,0.190000,76.128685
0.550000,0.190000,74.979506
0.570000,0.190000,73.771183
0.590000,0.190000,72.495045
0.610000,0.190000,71.141288
0.630000,0.190000,69.698819
0.650000,0.190000,68.155069
0.670000,0.190000,66.495788
0.690000,0.190000,64.704833
0.710000,0.190000,62.763932
0.730000,0.190000,60.652476
0.750000,0.190000,58.347332
0.770000,0.190000,55.822760
0.790000,0.190000,53.050475
0.810000,0.190000,50.000000
0.830000,0.190000,46.639434
0.850000,0.190000,42.936877
0.870000,0.190000,38.862747
0.890000,0.190000,34.393244
0.910000,0.190000,29.515121
0.930000,0.190000,24.231626
0.950000,0.190000,18.568940
0.970000,0.190000,12.581613
0.990000,0.190000,6.354695
1.010000,0.190000,0.000000
-0.010000,0.210000,100.000000
0.010000,0.210000,99.071746
0.030000,0.210000,98.143885
0.050000,0.210000,97.216789
0.070000,0.210000,96.290790
0.090000,0.210000,95.366157
0.110000,0.210000,94.443081
0.130000,0.210000,93.521653
0.150000,0.210000,92.601846
0.170000,0.210000,91.683499
0.190000,0.210000,90.766298
0.210000,0.210000,89.849762
0.230000,0.210000,88.933226
0.250000,0.210000,88.015826
0.270000,0.210000,87.096483
0.290000,0.210000,86.173888
0.310000,0.210000,85.246486
0.330000,0.210000,84.312456
0.350000,0.210000,83.369694
0.370000,0.210000,82.415791
0.390000,0.210000,81.448008
0.410000,0.210000,80.463249
0.430000,0.210000,79.458031
0.450000,0.210000,78.428443
0.470000,0.210000,77.370104
0.490000,0.210000,76.278118
0.510000,0.210000,75.147007
0.530000,0.210000,73.970655
0.550000,0.210000,72.742221
0.570000,0.210000,71.454055
0.590000,0.210000,70.097600
0.610000,0.210000,68.663276
0.630000,0.210000,67.140356
0.650000,0.210000,65.516834
0.670000,0.210000,63.779286
0.690000,0.210000,61.912729
0.710000,0.210000,59.900498
0.730000,0.210000,57.724162
0.750000,0.210000,55.363494
0.770000,0.210000,52.796563
0.790000,0.210000,50.000000
0.810000,0.210000,46.949525
0.830000,0.210000,43.620858
0.850000,0.210000,39.991141
0.870000,0.210000,36.040999
0.890000,0.210000,31.757338
0.910000,0.210000,27.136850
0.930000,0.210000,22.189975
0.950000,0.210000,16.944717
0.970000,0.210000,11.449317
0.990000,0.210000,5.772480
1.010000,0.210000,0.000000
-0.010000,0.230000,100.000000
0.010000,0.230000,98.986294
0.030000,0.230000,97.973101
0.050000,0.230000,96.960909
0.070000,0.230000,95.950163
0.090000,0.230000,94.941238
0.110000,0.230000,93.934421
0.130000,0.230000,92.929889
0.150000,0.230000,91.927689
0.170000,0.230000,90.927721
0.190000,0.230000,89.929717
0.210000,0.230000,88.933226
0.230000,0.230000,87.937599
0.250000,0.230000,86.941972
0.270000,0.230000,85.945252
0.290000,0.230000,84.946099
0.310000,0.230000,83.942914
0.330000,0.230000,82.933821
0.350000,0.230000,81.916650
0.370000,0.230000,80.888917
0.390000,0.230000,79.847802
0.410000,0.230000,78.790124
0.430000,0.230000,77.712316
0.450000,0.230000,76.610387
0.470000,0.230000,75.479892
0.490000,0.230000,74.315880
0.510000,0.230000,73.112854
0.530000,0.230000,71.864707
0.550000,0.230000,70.564667
0.570000,0.230000,69.205217
0.590000,0.230000,67.778025
0.610000,0.230000,66.273859
0.630000,0.230000,64.682494
0.650000,0.230000,62.992627
0.670000,0.230000,61.191794
0.690000,0.230000,59.266297
0.710000,0.230000,57.201170
0.730000,0.230000,54.980181
0.750000,0.230000,52.585919
0.770000,0.230000,50.000000
0.790000,0.230000,47.203437
0.810000,0.230000,44.177240
0.830000,0.230000,40.903333
0.850000,0.230000,37.365831
0.870000,0.230000,33.552771
0.890000,0.230000,29.458259
0.910000,0.230000,25.084967
0.930000,0.230000,20.446706
0.950000,0.230000,15.570635
0.970000,0.230000,10.498457
0.990000,0.230000,5.285907
1.010000,0.230000,0.000000
-0.010000,0.250000,100.000000
0.010000,0.250000,98.900331
0.030000,0.250000,97.801316
0.050000,0.250000,96.703584
0.070000,0.250000,95.607715
0.090000,0.250000,94.514210
0.110000,0.250000,93.423475
0.130000,0.250000,92.335792
0.150000,0.250000,91.251301
0.170000,0.250000,90.169979
0.190000,0.250000,89.091622
0.210000,0.250000,88.015826
0.230000,0.250000,86.941972
0.250000,0.250000,85.869213
0.270000,0.250000,84.796453
0.290000,0.250000,83.722341
0.310000,0.250000,82.645249
0.330000,0.250000,81.563265
0.350000,0.250000,80.474169
0.370000,0.250000,79.375426
0.390000,0.250000,78.264158
0.410000,0.250000,77.137129
0.430000,0.250000,75.990720
0.450000,0.250000,74.820900
0.470000,0.250000,73.623196
0.490000,0.250000,72.392658
0.510000,0.250000,71.123820
0.530000,0.250000,69.810654
0.550000,0.250000,68.446521
0.570000,0.250000,67.024119
0.590000,0.250000,65.535426
0.610000,0.250000,63.971641
0.630000,0.250000,62.323133
0.650000,0.250000,60.579386
0.670000,0.250000,58.728964
0.690000,0.250000,56.759497
0.710000,0.250000,54.657705
0.730000,0.250000,52.409471
0.750000,0.250000,50.000000
0.770000,0.250000,47.414081
0.790000,0.250000,44.636506
0.810000,0.250000,41.652668
0.830000,0.250000,38.449401
0.850000,0.250000,35.016080
0.870000,0.250000,31.345994
0.890000,0.250000,27.437960
0.910000,0.250000,23.298053
0.930000,0.250000,18.941248
0.950000,0.250000,14.392659
0.970000,0.250000,9.687971
0.990000,0.250000,4.872691
1.010000,0.250000,0.000000
-0.010000,0.270000,100.000000
0.010000,0.270000,98.813712
0.030000,0.270000,97.628247
0.050000,0.270000,96.444397
0.070000,0.270000,95.262902
0.090000,0.270000,94.084414
0.110000,0.270000,92.909477
0.130000,0.270000,91.738503
0.150000,0.270000,90.571744
0.170000,0.270000,89.409273
0.190000,0.270000,88.250966
0.210000,0.270000,87.096483
0.230000,0.270000,85.945252
0.250000,0.270000,84.796453
0.270000,0.270000,83.649008
0.290000,0.270000,82.501562
0.310000,0.270000,81.352478
0.330000,0.270000,80.199818
0.350000,0.270000,79.041336
0.370000,0.270000,77.874459
0.390000,0.270000,76.696274
0.410000,0.270000,75.503514
0.430000,0.270000,74.292535
0.450000,0.270000,73.059295
0.470000,0.270000,71.799333
0.490000,0.270000,70.507736
0.510000,0.270000,69.179115
0.530000,0.270000,67.807568
0.550000,0.270000,66.386646
0.570000,0.270000,64.909313
0.590000,0.270000,63.367917
0.610000,0.270000,61.754147
0.630000,0.270000,60.059012
0.650000,0.270000,58.272820
0.670000,0.270000,56.385178
0.690000,0.270000,54.385022
0.710000,0.270000,52.260682
0.730000,0.270000,50.000000
0.750000,0.270000,47.590529
0.770000,0.270000,45.019819
0.790000,0.270000,42.275838
0.810000,0.270000,39.347524
0.830000,0.270000,36.225524
0.850000,0.270000,32.903092
0.870000,0.270000,29.377165
0.890000,0.270000,25.649535
0.910000,0.270000,21.728036
0.930000,0.270000,17.627573
0.950000,0.270000,13.370782
0.970000,0.270000,8.988077
0.990000,0.270000,4.516887
1.010000,0.270000,0.000000
-0.010000,0.290000,100.000000
0.010000,0.290000,98.726271
0.030000,0.290000,97.453561
0.050000,0.290000,96.182857
0.070000,0.290000,94.915081
0.090000,0.290000,93.651065
0.110000,0.290000,92.391518
0.130000,0.290000,91.137000
0.150000,0.290000,89.887898
0.170000,0.290000,88.644402
0.190000,0.290000,87.406486
0.210000,0.290000,86.173888
0.230000,0.290000,84.946099
0.250000,0.290000,83.722341
0.270000,0.290000,82.501562
0.290000,0.290000,81.282422
0.310000,0.290000,80.063282
0.330000,0.290000,78.842195
0.350000,0.290000,77.616898
0.370000,0.290000,76.384799
0.390000,0.290000,75.142966
0.410000,0.290000,73.888119
0.430000,0.290000,72.616611
0.450000,0.290000,71.324414
0.470000,0.290000,70.007104
0.490000,0.290000,68.659838
0.510000,0.290000,67.277337
0.530000,0.290000,65.853858
0.550000,0.290000,64.383179
0.570000,0.290000,62.858571
0.590000,0.290000,61.272781
0.610000,0.290000,59.618018
0.630000,0.290000,57.885948
0.650000,0.290000,56.067703
0.670000,0.290000,54.153906
0.690000,0.290000,52.134732
0.710000,0.290000,50.000000
0.730000,0.290000,47.739318
0.750000,0.290000,45.342295
0.770000,0.290000,42.798830
0.790000,0.290000,40.099502
0.810000,0.290000,37.236068
0.830000,0.290000,34.202078
0.850000,0.290000,30.993601
0.870000,0.290000,27.610040
0.890000,0.290000,24.054979
0.910000,0.290000,20.336982
0.930000,0.290000,16.470227
0.950000,0.290000,12.474820
0.970000,0.290000,8.376667
0.990000,0.290000,4.206781
1.010000,0.290000,0.000000
-0.010000,0.310000,100.000000
0.010000,0.310000,98.637812
0.030000,0.310000,97.276871
0.050000,0.310000,95.918387
0.070000,0.310000,94.563500
0.090000,0.310000,93.213247
0.110000,0.310000,91.868529
0.130000,0.310000,90.530081
0.150000,0.310000,89.198446
0.170000,0.310000,87.873951
0.190000,0.310000,86.556687
0.210000,0.310000,85.246486
0.230000,0.310000,83.942914
0.250000,0.310000,82.645249
0.270000,0.310000,81.352478
0.290000,0.310000,80.063282
0.310000,0.310000,78.776032
0.330000,0.310000,77.488782
0.350000,0.310000,76.199262
0.370000,0.310000,74.904872
0.390000,0.310000,73.602673
0.410000,0.310000,72.289386
0.430000,0.310000,70.961375
0.450000,0.310000,69.614646
0.470000,0.310000,68.244831
0.490000,0.310000,66.847176
0.510000,0.310000,65.416534
0.530000,0.310000,63.947349
0.550000,0.310000,62.433642
0.570000,0.310000,60.869011
0.590000,0.310000,59.246618
0.610000,0.310000,57.559196
0.630000,0.310000,55.799060
0.650000,0.310000,53.958137
0.670000,0.310000,52.028011
0.690000,0.310000,50.000000
0.710000,0.310000,47.865268
0.730000,0.310000,45.614978
0.750000,0.310000,43.240503
0.770000,0.310000,40.733703
0.790000,0.310000,38.087271
0.810000,0.310000,35.295167
0.830000,0.310000,32.353118
0.850000,0.310000,29.259194
0.870000,0.310000,26.014414
0.890000,0.310000,22.623358
0.910000,0.310000,19.094688
0.930000,0.310000,15.441532
0.950000,0.310000,11.681602
0.970000,0.310000,7.836991
0.990000,0.310000,3.933570
1.010000,0.310000,0.000000
-0.010000,0.330000,100.000000
0.010000,0.330000,98.548107
0.030000,0.330000,97.097723
0.050000,0.330000,95.650319
0.070000,0.330000,94.207285
0.090000,0.330000,92.769895
0.110000,0.330000,91.339270
0.130000,0.330000,89.916349
0.150000,0.330000,88.501854
0.170000,0.330000,87.096271
0.190000,0.330000,85.699823
0.210000,0.330000,84.312456
0.230000,0.330000,82.933821
0.250000,0.330000,81.563265
0.270000,0.330000,80.199818
0.290000,0.330000,78.842195
0.310000,0.330000,77.488782
0.330000,0.330000,76.137640
0.350000,0.330000,74.786497
0.370000,0.330000,73.432753
0.390000,0.330000,72.073469
0.410000,0.330000,70.705375
0.430000,0.330000,69.324858
0.450000,0.330000,67.927965
0.470000,0.330000,66.510396
0.490000,0.330000,65.067501
0.510000,0.330000,63.594276
0.530000,0.330000,62.085359
0.550000,0.330000,60.535030
0.570000,0.330000,58.937213
0.590000,0.330000,57.285485
0.610000,0.330000,55.573088
0.630000,0.330000,53.792960
0.650000,0.330000,51.937774
0.670000,0.330000,50.000000
0.690000,0.330000,47.971989
0.710000,0.330000,45.846094
0.730000,0.330000,43.614822
0.750000,0.330000,41.271036
0.770000,0.330000,38.808206
0.790000,0.330000,36.220714
0.810000,0.330000,33.504212
0.830000,0.330000,30.656034
0.850000,0.330000,27.675641
0.870000,0.330000,24.565066
0.890000,0.330000,21.329350
0.910000,0.330000,17.976881
0.930000,0.330000,14.519610
0.950000,0.330000,10.973066
0.970000,0.330000,7.356126
0.990000,0.330000,3.690507
1.010000,0.330000,0.000000
-0.010000,0.350000,100.000000
0.010000,0.350000,98.456892
0.030000,0.350000,96.915596
0.050000,0.350000,95.377882
0.070000,0.350000,93.845427
0.090000,0.350000,92.319777
0.110000,0.350000,90.802309
0.130000,0.350000,89.294190
0.150000,0.350000,87.796350
0.170000,0.350000,86.309454
0.190000,0.350000,84.833879
0.210000,0.350000,83.369694
0.230000,0.350000,81.916650
0.250000,0.350000,80.474169
0.270000,0.350000,79.041336
0.290000,0.350000,77.616898
0.310000,0.350000,76.199262
0.330000,0.350000,74.786497
0.350000,0.350000,73.376335
0.370000,0.350000,71.966172
0.390000,0.350000,70.553076
0.410000,0.350000,69.133786
0.430000,0.350000,67.704717
0.450000,0.350000,66.261960
0.470000,0.350000,64.801288
0.490000,0.350000,63.318157
0.510000,0.350000,61.807710
0.530000,0.350000,60.264782
0.550000,0.350000,58.683906
0.570000,0.350000,57.059327
0.590000,0.350000,55.385020
0.610000,0.350000,53.654710
0.630000,0.350000,51.861918
0.650000,0.350000,50.000000
0.670000,0.350000,48.062226
0.690000,0.350000,46.041863
0.710000,0.350000,43.932297
0.730000,0.350000,41.727180
0.750000,0.350000,39.420614
0.770000,0.350000,37.007373
0.790000,0.350000,34.483166
0.810000,0.350000,31.844931
0.830000,0.350000,29.091167
0.850000,0.350000,26.222268
0.870000,0.350000,23.240860
0.890000,0.350000,20.152095
0.910000,0.350000,16.963875
0.930000,0.350000,13.686960
0.950000,0.350000,10.334927
0.970000,0.350000,6.923940
0.990000,0.350000,3.472331
1.010000,0.350000,0.000000
-0.010000,0.370000,100.000000
0.010000,0.370000,98.363863
0.030000,0.370000,96.729889
0.050000,0.370000,95.100186
0.070000,0.370000,93.476763
0.090000,0.370000,91.861479
0.110000,0.370000,90.255998
0.130000,0.370000,88.661751
0.150000,0.370000,87.079902
0.170000,0.370000,85.511318
0.190000,0.370000,83.956544
0.210000,0.370000,82.415791
0.230000,0.370000,80.888917
0.250000,0.370000,79.375426
0.270000,0.370000,77.874459
0.290000,0.370000,76.384799
0.310000,0.370000,74.904872
0.330000,0.370000,73.432753
0.350000,0.370000,71.966172
0.370000,0.370000,70.502525
0.390000,0.370000,69.038877
0.410000,0.370000,67.571978
0.430000,0.370000,66.098263
0.450000,0.370000,64.613869
0.470000,0.370000,63.114638
0.490000,0.370000,61.596129
0.510000,0.370000,60.053626
0.530000,0.370000,58.482152
0.550000,0.370000,56.876484
0.570000,0.370000,55.231170
0.590000,0.370000,53.540556
0.610000,0.370000,51.798817
0.630000,0.370000,50.000000
0.650000,0.370000,48.138082
0.670000,0.370000,46.207040
0.690000,0.370000,44.200940
0.710000,0.370000,42.114052
0.730000,0.370000,39.940988
0.750000,0.370000,37.676867
0.770000,0.370000,35.317506
0.790000,0.370000,32.859644
0.810000,0.370000,30.301181
0.830000,0.370000,27.641435
0.850000,0.370000,24.881406
0.870000,0.370000,22.024011
0.890000,0.370000,19.074295
0.910000,0.370000,16.039563
0.930000,0.370000,12.929430
0.950000,0.370000,9.755743
0.970000,0.370000,6.532375
0.990000,0.370000,3.274877
1.010000,0.370000,0.000000
-0.010000,0.390000,100.000000
0.010000,0.390000,98.268673
0.030000,0.390000,96.539909
0.050000,0.390000,94.816209
0.070000,0.390000,93.099960
0.090000,0.390000,91.393377
0.110000,0.390000,89.698452
0.130000,0.390000,88.016915
0.150000,0.390000,86.350190
0.170000,0.390000,84.699370
0.190000,0.390000,83.065189
0.210000,0.390000,81.448008
0.230000,0.390000,79.847802
0.250000,0.390000,78.264158
0.270000,0.390000,76.696274
0.290000,0.390000,75.142966
0.310000,0.390000,73.602673
0.330000,0.390000,72.073469
0.350000,0.390000,70.553076
0.370000,0.390000,69.038877
0.390000,0.390000,67.527931
0.410000,0.390000,66.016984
0.430000,0.390000,64.502489
0.450000,0.390000,62.980616
0.470000,0.390000,61.447267
0.490000,0.390000,59.898094
0.510000,0.390000,58.328512
0.530000,0.390000,56.733716
0.550000,0.390000,55.108708
0.570000,0.390000,53.448313
0.590000,0.390000,51.747217
0.610000,0.390000,50.000000
0.630000,0.390000,48.201183
0.650000,0.390000,46.345290
0.670000,0.390000,44.426912
0.690000,0.390000,42.440804
0.710000,0.390000,40.381982
0.730000,0.390000,38.245853
0.750000,0.390000,36.028359
0.770000,0.390000,33.726141
0.790000,0.390000,31.336724
0.810000,0.390000,28.858712
0.830000,0.390000,26.291987
0.850000,0.390000,23.637908
0.870000,0.390000,20.899484
0.890000,0.390000,18.081510
0.910000,0.390000,15.190653
0.930000,0.390000,12.235453
0.950000,0.390000,9.226239
0.970000,0.390000,6.174940
0.990000,0.390000,3.094801
1.010000,0.390000,0.000000
-0.010000,0.410000,100.000000
0.010000,0.410000,98.170921
0.030000,0.410000,96.344864
0.050000,0.410000,94.524782
0.070000,0.410000,92.713492
0.090000,0.410000,90.913616
0.110000,0.410000,89.127519
0.130000,0.410000,87.357265
0.150000,0.410000,85.604573
0.170000,0.410000,83.870783
0.190000,0.410000,82.156835
0.210000,0.410000,80.463249
0.230000,0.410000,78.790124
0.250000,0.410000,77.137129
0.270000,0.410000,75.503514
0.290000,0.410000,73.888119
0.310000,0.410000,72.289386
0.330000,0.410000,70.705375
0.350000,0.410000,69.133786
0.370000,0.410000,67.571978
0.390000,0.410000,66.016984
0.410000,0.410000,64.465538
0.430000,0.410000,62.914093
0.450000,0.410000,61.358837
0.470000,0.410000,59.795720
0.490000,0.410000,58.220469
0.510000,0.410000,56.628610
0.530000,0.410000,55.015494
0.550000,0.410000,53.376318
0.570000,0.410000,51.706158
0.590000,0.410000,50.000000
0.610000,0.410000,48.252783
0.630000,0.410000,46.459444
0.650000,0.410000,44.614980
0.670000,0.410000,42.714515
0.690000,0.410000,40.753382
0.710000,0.410000,38.727219
0.730000,0.410000,36.632083
0.750000,0.410000,34.464574
0.770000,0.410000,32.221975
0.790000,0.410000,29.902400
0.810000,0.410000,27.504955
0.830000,0.410000,25.029893
0.850000,0.410000,22.478756
0.870000,0.410000,19.854505
0.890000,0.410000,17.161609
0.910000,0.410000,14.406087
0.930000,0.410000,11.595491
0.950000,0.410000,8.738819
0.970000,0.410000,5.846346
0.990000,0.410000,2.929389
1.010000,0.410000,0.000000
-0.010000,0.430000,100.000000
0.010000,0.430000,98.070148
0.030000,0.430000,96.143845
0.050000,0.430000,94.224562
0.070000,0.430000,92.315611
0.090000,0.430000,90.420075
0.110000,0.430000,88.540743
0.130000,0.430000,86.680055
0.150000,0.430000,84.840054
0.170000,0.430000,83.022355
0.190000,0.430000,81.228117
0.210000,0.430000,79.458031
0.230000,0.430000,77.712316
0.250000,0.430000,75.990720
0.270000,0.430000,74.292535
0.290000,0.430000,72.616611
0.310000,0.430000,70.961375
0.330000,0.430000,69.324858
0.350000,0.430000,67.704717
0.370000,0.430000,66.098263
0.390000,0.430000,64.502489
0.410000,0.430000,62.914093
0.430000,0.430000,61.329507
0.450000,0.430000,59.744921
0.470000,0.430000,58.156308
0.490000,0.430000,56.559451
0.510000,0.430000,54.949966
0.530000,0.430000,53.323331
0.550000,0.430000,51.674912
0.570000,0.430000,50.000000
0.590000,0.430000,48.293842
0.610000,0.430000,46.551687
0.630000,0.430000,44.768830
0.650000,0.430000,42.940673
0.670000,0.430000,41.062787
0.690000,0.430000,39.130989
0.710000,0.430000,37.141429
0.730000,0.430000,35.090687
0.750000,0.430000,32.975881
0.770000,0.430000,30.794783
0.790000,0.430000,28.545945
0.810000,0.430000,26.228817
0.830000,0.430000,23.843873
0.850000,0.430000,21.392718
0.870000,0.430000,18.878172
0.890000,0.430000,16.304334
0.910000,0.430000,13.676594
0.930000,0.430000,11.001606
0.950000,0.430000,8.287199
0.970000,0.430000,5.542235
0.990000,0.430000,2.776408
1.010000,0.430000,0.000000
-0.010000,0.450000,100.000000
0.010000,0.450000,97.965824
0.030000,0.450000,95.935807
0.050000,0.450000,93.914010
0.070000,0.450000,91.904314
0.090000,0.450000,89.910330
0.110000,0.450000,87.935323
0.130000,0.450000,85.982157
0.150000,0.450000,84.053234
0.170000,0.450000,82.150467
0.190000,0.450000,80.275248
0.210000,0.450000,78.428443
0.230000,0.450000,76.610387
0.250000,0.450000,74.820900
0.270000,0.450000,73.059295
0.290000,0.450000,71.324414
0.310000,0.450000,69.614646
0.330000,0.450000,67.927965
0.350000,0.450000,66.261960
0.370000,0.450000,64.613869
0.390000,0.450000,62.980616
0.410000,0.450000,61.358837
0.430000,0.450000,59.744921
0.450000,0.450000,58.135031
0.470000,0.450000,56.525140
0.490000,0.450000,54.911062
0.510000,0.450000,53.288473
0.530000,0.450000,51.652951
0.550000,0.450000,50.000000
0.570000,0.450000,48.325088
0.590000,0.450000,46.623682
0.610000,0.450000,44.891292
0.630000,0.450000,43.123516
0.650000,0.450000,41.316094
0.670000,0.450000,39.464970
0.690000,0.450000,37.566358
0.710000,0.450000,35.616821
0.730000,0.450000,33.613354
0.750000,0.450000,31.553479
0.770000,0.450000,29.435333
0.790000,0.450000,27.257779
0.810000,0.450000,25.020494
0.830000,0.450000,22.724066
0.850000,0.450000,20.370069
0.870000,0.450000,17.961131
0.890000,0.450000,15.500960
0.910000,0.450000,12.994349
0.930000,0.450000,10.447139
0.950000,0.450000,7.866136
0.970000,0.450000,5.258986
0.990000,0.450000,2.634010
1.010000,0.450000,0.000000
-0.010000,0.470000,100.000000
0.010000,0.470000,97.857343
0.030000,0.470000,95.719547
0.050000,0.470000,93.591358
0.070000,0.470000,91.477307
0.090000,0.470000,89.381606
0.110000,0.470000,87.308064
0.130000,0.470000,85.260014
0.150000,0.470000,83.240259
0.170000,0.470000,81.251029
0.190000,0.470000,79.293965
0.210000,0.470000,77.370104
0.230000,0.470000,75.479892
0.250000,0.470000,73.623196
0.270000,0.470000,71.799333
0.290000,0.470000,70.007104
0.310000,0.470000,68.244831
0.330000,0.470000,66.510396
0.350000,0.470000,64.801288
0.370000,0.470000,63.114638
0.390000,0.470000,61.447267
0.410000,0.470000,59.795720
0.430000,0.470000,58.156308
0.450000,0.470000,56.525140
0.470000,0.470000,54.898161
0.490000,0.470000,53.271182
0.510000,0.470000,51.639914
0.530000,0.470000,50.000000
0.550000,0.470000,48.347049
0.570000,0.470000,46.676669
0.590000,0.470000,44.984506
0.610000,0.470000,43.266284
0.630000,0.470000,41.517848
0.650000,0.470000,39.735218
0.670000,0.470000,37.914641
0.690000,0.470000,36.052651
0.710000,0.470000,34.146142
0.730000,0.470000,32.192432
0.750000,0.470000,30.189346
0.770000,0.470000,28.135293
0.790000,0.470000,26.029345
0.810000,0.470000,23.871315
0.830000,0.470000,21.661825
0.850000,0.470000,19.402363
0.870000,0.470000,17.095324
0.890000,0.470000,14.744026
0.910000,0.470000,12.352704
0.930000,0.470000,9.926466
0.950000,0.470000,7.471220
0.970000,0.470000,4.993564
0.990000,0.470000,2.500646
1.010000,0.470000,0.000000
-0.010000,0.490000,100.000000
0.010000,0.490000,97.744003
0.030000,0.490000,95.493679
0.050000,0.490000,93.254568
0.070000,0.490000,91.031949
0.090000,0.490000,88.830723
0.110000,0.490000,86.655312
0.130000,0.490000,84.509577
0.150000,0.490000,82.396757
0.170000,0.490000,80.319427
0.190000,0.490000,78.279478
0.210000,0.490000,76.278118
0.230000,0.490000,74.315880
0.250000,0.490000,72.392658
0.270000,0.490000,70.507736
0.290000,0.490000,68.659838
0.310000,0.490000,66.847176
0.330000,0.490000,65.067501
0.350000,0.490000,63.318157
0.370000,0.490000,61.596129
0.390000,0.490000,59.898094
0.410000,0.490000,58.220469
0.430000,0.490000,56.559451
0.450000,0.490000,54.911062
0.470000,0.490000,53.271182
0.490000,0.490000,51.635591
0.510000,0.490000,50.000000
0.530000,0.490000,48.360086
0.550000,0.490000,46.711527
0.570000,0.490000,45.050034
0.590000,0.490000,43.371390
0.610000,0.490000,41.671488
0.630000,0.490000,39.946374
0.650000,0.490000,38.192290
0.670000,0.490000,36.405724
0.690000,0.490000,34.583466
0.710000,0.490000,32.722663
0.730000,0.490000,30.820885
0.750000,0.490000,28.876180
0.770000,0.490000,26.887146
0.790000,0.490000,24.852993
0.810000,0.490000,22.773597
0.830000,0.490000,20.649557
0.850000,0.490000,18.482234
0.870000,0.490000,16.273774
0.890000,0.490000,14.027115
0.910000,0.490000,11.745974
0.930000,0.490000,9.434801
0.950000,0.490000,7.098714
0.970000,0.490000,4.743403
0.990000,0.490000,2.375012
1.010000,0.490000,0.000000
-0.010000,0.510000,100.000000
0.010000,0.510000,97.624988
0.030000,0.510000,95.256597
0.050000,0.510000,92.901286
0.070000,0.510000,90.565199
0.090000,0.510000,88.254026
0.110000,0.510000,85.972885
0.130000,0.510000,83.726226
0.150000,0.510000,81.517766
0.170000,0.510000,79.350443
0.190000,0.510000,77.226403
0.210000,0.510000,75.147007
0.230000,0.510000,73.112854
0.250000,0.510000,71.123820
0.270000,0.510000,69.179115
0.290000,0.510000,67.277337
0.310000,0.510000,65.416534
0.330000,0.510000,63.594276
0.350000,0.510000,61.807710
0.370000,0.510000,60.053626
0.390000,0.510000,58.328512
0.410000,0.510000,56.628610
0.430000,0.510000,54.949966
0.450000,0.510000,53.288473
0.470000,0.510000,51.639914
0.490000,0.510000,50.000000
0.510000,0.510000,48.364409
0.530000,0.510000,46.728818
0.550000,0.510000,45.088938
0.570000,0.510000,43.440549
0.590000,0.510000,41.779531
0.610000,0.510000,40.101906
0.630000,0.510000,38.403871
0.650000,0.510000,36.681843
0.670000,0.510000,34.932499
0.690000,0.510000,33.152824
0.710000,0.510000,31.340162
0.730000,0.510000,29.492264
0.750000,0.510000,27.607342
0.770000,0.510000,25.684120
0.790000,0.510000,23.721882
0.810000,0.510000,21.720522
0.830000,0.510000,19.680573
0.850000,0.510000,17.603243
0.870000,0.510000,15.490423
0.890000,0.510000,13.344688
0.910000,0.510000,11.169277
0.930000,0.510000,8.968051
0.950000,0.510000,6.745432
0.970000,0.510000,4.506321
0.990000,0.510000,2.255997
1.010000,0.510000,0.000000
-0.010000,0.530000,100.000000
0.010000,0.530000,97.499354
0.030000,0.530000,95.006436
0.050000,0.530000,92.528780
0.070000,0.530000,90.073534
0.090000,0.530000,87.647296
0.110000,0.530000,85.255974
0.130000,0.530000,82.904676
0.150000,0.530000,80.597637
0.170000,0.530000,78.338175
0.190000,0.530000,76.128685
0.210000,0.530000,73.970655
0.230000,0.530000,71.864707
0.250000,0.530000,69.810654
0.270000,0.530000,67.807568
0.290000,0.530000,65.853858
0.310000,0.530000,63.947349
0.330000,0.530000,62.085359
0.350000,0.530000,60.264782
0.370000,0.530000,58.482152
0.390000,0.530000,56.733716
0.410000,0.530000,55.015494
0.430000,0.530000,53.323331
0.450000,0.530000,51.652951
0.470000,0.530000,50.000000
0.490000,0.530000,48.360086
0.510000,0.530000,46.728818
0.530000,0.530000,45.101839
0.550000,0.530000,43.474860
0.570000,0.530000,41.843692
0.590000,0.530000,40.204280
0.610000,0.530000,38.552733
0.630000,0.530000,36.885362
0.650000,0.530000,35.198712
0.670000,0.530000,33.489604
0.690000,0.530000,31.755169
0.710000,0.530000,29.992896
0.730000,0.530000,28.200667
0.750000,0.530000,26.376804
0.770000,0.530000,24.520108
0.790000,0.530000,22.629896
0.810000,0.530000,20.706035
0.830000,0.530000,18.748971
0.850000,0.530000,16.759741
0.870000,0.530000,14.739986
0.890000,0.530000,12.691936
0.910000,0.530000,10.618394
0.930000,0.530000,8.522693
0.950000,0.530000,6.408642
0.970000,0.530000,4.280453
0.990000,0.530000,2.142657
1.010000,0.530000,0.000000
-0.010000,0.550000,100.000000
0.010000,0.550000,97.365990
0.030000,0.550000,94.741014
0.050000,0.550000,92.133864
0.070000,0.550000,89.552861
0.090000,0.550000,87.005651
0.110000,0.550000,84.499040
0.130000,0.550000,82.038869
0.150000,0.550000,79.629931
0.170000,0.550000,77.275934
0.190000,0.550000,74.979506
0.210000,0.550000,72.742221
0.230000,0.550000,70.564667
0.250000,0.550000,68.446521
0.270000,0.550000,66.386646
0.290000,0.550000,64.383179
0.310000,0.550000,62.433642
0.330000,0.550000,60.535030
0.350000,0.550000,58.683906
0.370000,0.550000,56.876484
0.390000,0.550000,55.108708
0.410000,0.550000,53.376318
0.430000,0.550000,51.674912
0.450000,0.550000,50.000000
0.470000,0.550000,48.347049
0.490000,0.550000,46.711527
0.510000,0.550000,45.088938
0.530000,0.550000,43.474860
0.550000,0.550000,41.864969
0.570000,0.550000,40.255079
0.590000,0.550000,38.641163
0.610000,0.550000,37.019384
0.630000,0.550000,35.386131
0.650000,0.550000,33.738040
0.670000,0.550000,32.072035
0.690000,0.550000,30.385354
0.710000,0.550000,28.675586
0.730000,0.550000,26.940705
0.750000,0.550000,25.179100
0.770000,0.550000,23.389613
0.790000,0.550000,21.571557
0.810000,0.550000,19.724752
0.830000,0.550000,17.849533
0.850000,0.550000,15.946766
0.870000,0.550000,14.017843
0.890000,0.550000,12.064677
0.910000,0.550000,10.089670
0.930000,0.550000,8.095686
0.950000,0.550000,6.085990
0.970000,0.550000,4.064193
0.990000,0.550000,2.034176
1.010000,0.550000,0.000000
-0.010000,0.570000,100.000000
0.010000,0.570000,97.223592
0.030000,0.570000,94.457765
0.050000,0.570000,91.712801
0.070000,0.570000,88.998394
0.090000,0.570000,86.323406
0.110000,0.570000,83.695666
0.130000,0.570000,81.121828
0.150000,0.570000,78.607282
0.170000,0.570000,76.156127
0.190000,0.570000,73.771183
0.210000,0.570000,71.454055
0.230000,0.570000,69.205217
0.250000,0.570000,67.024119
0.270000,0.570000,64.909313
0.290000,0.570000,62.858571
0.310000,0.570000,60.869011
0.330000,0.570000,58.937213
0.350000,0.570000,57.059327
0.370000,0.570000,55.231170
0.390000,0.570000,53.448313
0.410000,0.570000,51.706158
0.430000,0.570000,50.000000
0.450000,0.570000,48.325088
0.470000,0.570000,46.676669
0.490000,0.570000,45.050034
0.510000,0.570000,43.440549
0.530000,0.570000,41.843692
0.550000,0.570000,40.255079
0.570000,0.570000,38.670493
0.590000,0.570000,37.085907
0.610000,0.570000,35.497511
0.630000,0.570000,33.901737
0.650000,0.570000,32.295283
0.670000,0.570000,30.675142
0.690000,0.570000,29.038625
0.710000,0.570000,27.383389
0.730000,0.570000,25.707465
0.750000,0.570000,24.009280
0.770000,0.570000,22.287684
0.790000,0.570000,20.541969
0.810000,0.570000,18.771883
0.830000,0.570000,16.977645
0.850000,0.570000,15.159946
0.870000,0.570000,13.319945
0.890000,0.570000,11.459257
0.910000,0.570000,9.579925
0.930000,0.570000,7.684389
0.950000,0.570000,5.775438
0.970000,0.570000,3.856155
0.990000,0.570000,1.929852
1.010000,0.570000,0.000000
-0.010000,0.590000,100.000000
0.010000,0.590000,97.070611
0.030000,0.590000,94.153654
0.050000,0.590000,91.261181
0.070000,0.590000,88.404509
0.090000,0.590000,85.593913
0.110000,0.590000,82.838391
0.130000,0.590000,80.145495
0.150000,0.590000,77.521244
0.170000,0.590000,74.970107
0.190000,0.590000,72.495045
0.210000,0.590000,70.097600
0.230000,0.590000,67.778025
0.250000,0.590000,65.535426
0.270000,0.590000,63.367917
0.290000,0.590000,61.272781
0.310000,0.590000,59.246618
0.330000,0.590000,57.285485
0.350000,0.590000,55.385020
0.370000,0.590000,53.540556
0.390000,0.590000,51.747217
0.410000,0.590000,50.000000
0.430000,0.590000,48.293842
0.450000,0.590000,46.623682
0.470000,0.590000,44.984506
0.490000,0.590000,43.371390
0.510000,0.590000,41.779531
0.530000,0.590000,40.204280
0.550000,0.590000,38.641163
0.570000,0.590000,37.085907
0.590000,0.590000,35.534462
0.610000,0.590000,33.983016
0.630000,0.590000,32.428022
0.650000,0.590000,30.866214
0.670000,0.590000,29.294625
0.690000,0.590000,27.710614
0.710000,0.590000,26.111881
0.730000,0.590000,24.496486
0.750000,0.590000,22.862871
0.770000,0.590000,21.209876
0.790000,0.590000,19.536751
0.810000,0.590000,17.843165
0.830000,0.590000,16.129217
0.850000,0.590000,14.395427
0.870000,0.590000,12.642735
0.890000,0.590000,10.872481
0.910000,0.590000,9.086384
0.930000,0.590000,7.286508
0.950000,0.590000,5.475218
0.970000,0.590000,3.655136
0.990000,0.590000,1.829079
1.010000,0.590000,0.000000
-0.010000,0.610000,100.000000
0.010000,0.610000,96.905199
0.030000,0.610000,93.825060
0.050000,0.610000,90.773761
0.070000,0.610000,87.764547
0.090000,0.610000,84.809347
0.110000,0.610000,81.918490
0.130000,0.610000,79.100516
0.150000,0.610000,76.362092
0.170000,0.610000,73.708013
0.190000,0.610000,71.141288
0.210000,0.610000,68.663276
0.230000,0.610000,66.273859
0.250000,0.610000,63.971641
0.270000,0.610000,61.754147
0.290000,0.610000,59.618018
0.310000,0.610000,57.559196
0.330000,0.610000,55.573088
0.350000,0.610000,53.654710
0.370000,0.610000,51.798817
0.390000,0.610000,50.000000
0.410000,0.610000,48.252783
0.430000,0.610000,46.551687
0.450000,0.610000,44.891292
0.470000,0.610000,43.266284
0.490000,0.610000,41.671488
0.510000,0.610000,40.101906
0.530000,0.610000,38.552733
0.550000,0.610000,37.019384
0.570000,0.610000,35.497511
0.590000,0.610000,33.983016
0.610000,0.610000,32.472069
0.630000,0.610000,30.961123
0.650000,0.610000,29.446924
0.670000,0.610000,27.926531
0.690000,0.610000,26.397327
0.710000,0.610000,24.857034
0.730000,0.610000,23.303726
0.750000,0.610000,21.735842
0.770000,0.610000,20.152198
0.790000,0.610000,18.551992
0.810000,0.610000,16.934811
0.830000,0.610000,15.300630
0.850000,0.610000,13.649810
0.870000,0.610000,11.983085
0.890000,0.610000,10.301548
0.910000,0.610000,8.606623
0.930000,0.610000,6.900040
0.950000,0.610000,5.183791
0.970000,0.610000,3.460091
0.990000,0.610000,1.731327
1.010000,0.610000,0.000000
-0.010000,0.630000,100.000000
0.010000,0.630000,96.725123
0.030000,0.630000,93.467625
0.050000,0.630000,90.244257
0.070000,0.630000,87.070570
0.090000,0.630000,83.960437
0.110000,0.630000,80.925705
0.130000,0.630000,77.975989
0.150000,0.630000,75.118594
0.170000,0.630000,72.358565
0.190000,0.630000,69.698819
0.210000,0.630000,67.140356
0.230000,0.630000,64.682494
0.250000,0.630000,62.323133
0.270000,0.630000,60.059012
0.290000,0.630000,57.885948
0.310000,0.630000,55.799060
0.330000,0.630000,53.792960
0.350000,0.630000,51.861918
0.370000,0.630000,50.000000
0.390000,0.630000,48.201183
0.410000,0.630000,46.459444
0.430000,0.630000,44.768830
0.450000,0.630000,43.123516
0.470000,0.630000,41.517848
0.490000,0.630000,39.946374
0.510000,0.630000,38.403871
0.530000,0.630000,36.885362
0.550000,0.630000,35.386131
0.570000,0.630000,33.901737
0.590000,0.630000,32.428022
0.610000,0.630000,30.961123
0.630000,0.630000,29.497475
0.650000,0.630000,28.033828
0.670000,0.630000,26.567247
0.690000,0.630000,25.095128
0.710000,0.630000,23.615201
0.730000,0.630000,22.125541
0.750000,0.630000,20.624574
0.770000,0.630000,19.111083
0.790000,0.630000,17.584209
0.810000,0.630000,16.043456
0.830000,0.630000,14.488682
0.850000,0.630000,12.920098
0.870000,0.630000,11.338249
0.890000,0.630000,9.744002
0.910000,0.630000,8.138521
0.930000,0.630000,6.523237
0.950000,0.630000,4.899814
0.970000,0.630000,3.270111
0.990000,0.630000,1.636137
1.010000,0.630000,0.000000
-0.010000,0.650000,100.000000
0.010000,0.650000,96.527669
0.030000,0.650000,93.076060
0.050000,0.650000,89.665073
0.070000,0.650000,86.313040
0.090000,0.650000,83.036125
0.110000,0.650000,79.847905
0.130000,0.650000,76.759140
0.150000,0.650000,73.777732
0.170000,0.650000,70.908833
0.190000,0.650000,68.155069
0.210000,0.650000,65.516834
0.230000,0.650000,62.992627
0.250000,0.650000,60.579386
0.270000,0.650000,58.272820
0.290000,0.650000,56.067703
0.310000,0.650000,53.958137
0.330000,0.650000,51.937774
0.350000,0.650000,50.000000
0.370000,0.650000,48.138082
0.390000,0.650000,46.345290
0.410000,0.650000,44.614980
0.430000,0.650000,42.940673
0.450000,0.650000,41.316094
0.470000,0.650000,39.735218
0.490000,0.650000,38.192290
0.510000,0.650000,36.681843
0.530000,0.650000,35.198712
0.550000,0.650000,33.738040
0.570000,0.650000,32.295283
0.590000,0.650000,30.866214
0.610000,0.650000,29.446924
0.630000,0.650000,28.033828
0.650000,0.650000,26.623665
0.670000,0.650000,25.213503
0.690000,0.650000,23.800738
0.710000,0.650000,22.383102
0.730000,0.650000,20.958664
0.750000,0.650000,19.525831
0.770000,0.650000,18.083350
0.790000,0.650000,16.630306
0.810000,0.650000,15.166121
0.830000,0.650000,13.690546
0.850000,0.650000,12.203650
0.870000,0.650000,10.705810
0.890000,0.650000,9.197691
0.910000,0.650000,7.680223
0.930000,0.650000,6.154573
0.950000,0.650000,4.622118
0.970000,0.650000,3.084404
0.990000,0.650000,1.543108
1.010000,0.650000,0.000000
-0.010000,0.670000,100.000000
0.010000,0.670000,96.309493
0.030000,0.670000,92.643874
0.050000,0.670000,89.026934
0.070000,0.670000,85.480390
0.090000,0.670000,82.023119
0.110000,0.670000,78.670650
0.130000,0.670000,75.434934
0.150000,0.670000,72.324359
0.170000,0.670000,69.343966
0.190000,0.670000,66.495788
0.210000,0.670000,63.779286
0.230000,0.670000,61.191794
0.250000,0.670000,58.728964
0.270000,0.670000,56.385178
0.290000,0.670000,54.153906
0.310000,0.670000,52.028011
0.330000,0.670000,50.000000
0.350000,0.670000,48.062226
0.370000,0.670000,46.207040
0.390000,0.670000,44.426912
0.410000,0.670000,42.714515
0.430000,0.670000,41.062787
0.450000,0.670000,39.464970
0.470000,0.670000,37.914641
0.490000,0.670000,36.405724
0.510000,0.670000,34.932499
0.530000,0.670000,33.489604
0.550000,0.670000,32.072035
0.570000,0.670000,30.675142
0.590000,0.670000,29.294625
0.610000,0.670000,27.926531
0.630000,0.670000,26.567247
0.650000,0.670000,25.213503
0.670000,0.670000,23.862360
0.690000,0.670000,22.511218
0.710000,0.670000,21.157805
0.730000,0.670000,19.800182
0.750000,0.670000,18.436735
0.770000,0.670000,17.066179
0.790000,0.670000,15.687544
0.810000,0.670000,14.300177
0.830000,0.670000,12.903729
0.850000,0.670000,11.498146
0.870000,0.670000,10.083651
0.890000,0.670000,8.660730
0.910000,0.670000,7.230105
0.930000,0.670000,5.792715
0.950000,0.670000,4.349681
0.970000,0.670000,2.902277
0.990000,0.670000,1.451893
1.010000,0.670000,0.000000
-0.010000,0.690000,100.000000
0.010000,0.690000,96.066430
0.030000,0.690000,92.163009
0.050000,0.690000,88.318398
0.070000,0.690000,84.558468
0.090000,0.690000,80.905312
0.110000,0.690000,77.376642
0.130000,0.690000,73.985586
0.150000,0.690000,70.740806
0.170000,0.690000,67.646882
0.190000,0.690000,64.704833
0.210000,0.690000,61.912729
0.230000,0.690000,59.266297
0.250000,0.690000,56.759497
0.270000,0.690000,54.385022
0.290000,0.690000,52.134732
0.310000,0.690000,50.000000
0.330000,0.690000,47.971989
0.350000,0.690000,46.041863
0.370000,0.690000,44.200940
0.390000,0.690000,42.440804
0.410000,0.690000,40.753382
0.430000,0.690000,39.130989
0.450000,0.690000,37.566358
0.470000,0.690000,36.052651
0.490000,0.690000,34.583466
0.510000,0.690000,33.152824
0.530000,0.690000,31.755169
0.550000,0.690000,30.385354
0.570000,0.690000,29.038625
0.590000,0.690000,27.710614
0.610000,0.690000,26.397327
0.630000,0.690000,25.095128
0.650000,0.690000,23.800738
0.670000,0.690000,22.511218
0.690000,0.690000,21.223968
0.710000,0.690000,19.936718
0.730000,0.690000,18.647522
0.750000,0.690000,17.354751
0.770000,0.690000,16.057086
0.790000,0.690000,14.753514
0.810000,0.690000,13.443313
0.830000,0.690000,12.126049
0.850000,0.690000,10.801554
0.870000,0.690000,9.469919
0.890000,0.690000,8.131471
0.910000,0.690000,6.786753
0.930000,0.690000,5.436500
0.950000,0.690000,4.081613
0.970000,0.690000,2.723129
0.990000,0.690000,1.362188
1.010000,0.690000,0.000000
-0.010000,0.710000,100.000000
0.010000,0.710000,95.793219
0.030000,0.710000,91.623333
0.050000,0.710000,87.525180
0.070000,0.710000,83.529773
0.090000,0.710000,79.663018
0.110000,0.710000,75.945021
0.130000,0.710000,72.389960
0.150000,0.710000,69.006399
0.170000,0.710000,65.797922
0.190000,0.710000,62.763932
0.210000,0.710000,59.900498
0.230000,0.710000,57.201170
0.250000,0.710000,54.657705
0.270000,0.710000,52.260682
0.290000,0.710000,50.000000
0.310000,0.710000,47.865268
0.330000,0.710000,45.846094
0.350000,0.710000,43.932297
0.370000,0.710000,42.114052
0.390000,0.710000,40.381982
0.410000,0.710000,38.727219
0.430000,0.710000,37.141429
0.450000,0.710000,35.616821
0.470000,0.710000,34.146142
0.490000,0.710000,32.722663
0.510000,0.710000,31.340162
0.530000,0.710000,29.992896
0.550000,0.710000,28.675586
0.570000,0.710000,27.383389
0.590000,0.710000,26.111881
0.610000,0.710000,24.857034
0.630000,0.710000,23.615201
0.650000,0.710000,22.383102
0.670000,0.710000,21.157805
0.690000,0.710000,19.936718
0.710000,0.710000,18.717578
0.730000,0.710000,17.498438
0.750000,0.710000,16.277659
0.770000,0.710000,15.053901
0.790000,0.710000,13.826112
0.810000,0.710000,12.593514
0.830000,0.710000,11.355598
0.850000,0.710000,10.112102
0.870000,0.710000,8.863000
0.890000,0.710000,7.608482
0.910000,0.710000,6.348935
0.930000,0.710000,5.084919
0.950000,0.710000,3.817143
0.970000,0.710000,2.546439
0.990000,0.710000,1.273729
1.010000,0.710000,0.000000
-0.010000,0.730000,100.000000
0.010000,0.730000,95.483113
0.030000,0.730000,91.011923
0.050000,0.730000,86.629218
0.070000,0.730000,82.372427
0.090000,0.730000,78.271964
0.110000,0.730000,74.350465
0.130000,0.730000,70.622835
0.150000,0.730000,67.096908
0.170000,0.730000,63.774476
0.190000,0.730000,60.652476
0.210000,0.730000,57.724162
0.230000,0.730000,54.980181
0.250000,0.730000,52.409471
0.270000,0.730000,50.000000
0.290000,0.730000,47.739318
0.310000,0.730000,45.614978
0.330000,0.730000,43.614822
0.350000,0.730000,41.727180
0.370000,0.730000,39.940988
0.390000,0.730000,38.245853
0.410000,0.730000,36.632083
0.430000,0.730000,35.090687
0.450000,0.730000,33.613354
0.470000,0.730000,32.192432
0.490000,0.730000,30.820885
0.510000,0.730000,29.492264
0.530000,0.730000,28.200667
0.550000,0.730000,26.940705
0.570000,0.730000,25.707465
0.590000,0.730000,24.496486
0.610000,0.730000,23.303726
0.630000,0.730000,22.125541
0.650000,0.730000,20.958664
0.670000,0.730000,19.800182
0.690000,0.730000,18.647522
0.710000,0.730000,17.498438
0.730000,0.730000,16.350992
0.750000,0.730000,15.203547
0.770000,0.730000,14.054748
0.790000,0.730000,12.903517
0.810000,0.730000,11.749034
0.830000,0.730000,10.590727
0.850000,0.730000,9.428256
0.870000,0.730000,8.261497
0.890000,0.730000,7.090523
0.910000,0.730000,5.915586
0.930000,0.730000,4.737098
0.950000,0.730000,3.555603
0.970000,0.730000,2.371753
0.990000,0.730000,1.186288
1.010000,0.730000,0.000000
-0.010000,0.750000,100.000000
0.010000,0.750000,95.127309
0.030000,0.750000,90.312029
0.050000,0.750000,85.607341
0.070000,0.750000,81.058752
0.090000,0.750000,76.701947
0.110000,0.750000,72.562040
0.130000,0.750000,68.654006
0.150000,0.750000,64.983920
0.170000,0.750000,61.550599
0.190000,0.750000,58.347332
0.210000,0.750000,55.363494
0.230000,0.750000,52.585919
0.250000,0.750000,50.000000
0.270000,0.750000,47.590529
0.290000,0.750000,45.342295
0.310000,0.750000,43.240503
0.330000,0.750000,41.271036
0.350000,0.750000,39.420614
0.370000,0.750000,37.676867
0.390000,0.750000,36.028359
0.410000,0.750000,34.464574
0.430000,0.750000,32.975881
0.450000,0.750000,31.553479
0.470000,0.750000,30.189346
0.490000,0.750000,28.876180
0.510000,0.750000,27.607342
0.530000,0.750000,26.376804
0.550000,0.750000,25.179100
0.570000,0.750000,24.009280
0.590000,0.750000,22.862871
0.610000,0.750000,21.735842
0.630000,0.750000,20.624574
0.650000,0.750000,19.525831
0.670000,0.750000,18.436735
0.690000,0.750000,17.354751
0.710000,0.750000,16.277659
0.730000,0.750000,15.203547
0.750000,0.750000,14.130787
0.770000,0.750000,13.058028
0.790000,0.750000,11.984174
0.810000,0.750000,10.908378
0.830000,0.750000,9.830021
0.850000,0.750000,8.748699
0.870000,0.750000,7.664208
0.890000,0.750000,6.576525
0.910000,0.750000,5.485790
0.930000,0.750000,4.392285
0.950000,0.750000,3.296416
0.970000,0.750000,2.198684
0.990000,0.750000,1.099669
1.010000,0.750000,0.000000
-0.010000,0.770000,100.000000
0.010000,0.770000,94.714093
0.030000,0.770000,89.501543
0.050000,0.770000,84.429365
0.070000,0.770000,79.553294
0.090000,0.770000,74.915033
0.110000,0.770000,70.541741
0.130000,0.770000,66.447229
0.150000,0.770000,62.634169
0.170000,0.770000,59.096667
0.190000,0.770000,55.822760
0.210000,0.770000,52.796563
0.230000,0.770000,50.000000
0.250000,0.770000,47.414081
0.270000,0.770000,45.019819
0.290000,0.770000,42.798830
0.310000,0.770000,40.733703
0.330000,0.770000,38.808206
0.350000,0.770000,37.007373
0.370000,0.770000,35.317506
0.390000,0.770000,33.726141
0.410000,0.770000,32.221975
0.430000,0.770000,30.794783
0.450000,0.770000,29.435333
0.470000,0.770000,28.135293
0.490000,0.770000,26.887146
0.510000,0.770000,25.684120
0.530000,0.770000,24.520108
0.550000,0.770000,23.389613
0.570000,0.770000,22.287684
0.590000,0.770000,21.209876
0.610000,0.770000,20.152198
0.630000,0.770000,19.111083
0.650000,0.770000,18.083350
0.670000,0.770000,17.066179
0.690000,0.770000,16.057086
0.710000,0.770000,15.053901
0.730000,0.770000,14.054748
0.750000,0.770000,13.058028
0.770000,0.770000,12.062401
0.790000,0.770000,11.066774
0.810000,0.770000,10.070283
0.830000,0.770000,9.072279
0.850000,0.770000,8.072311
0.870000,0.770000,7.070111
0.890000,0.770000,6.065579
0.910000,0.770000,5.058762
0.930000,0.770000,4.049837
0.950000,0.770000,3.039091
0.970000,0.770000,2.026899
0.990000,0.770000,1.013706
1.010000,0.770000,0.000000
-0.010000,0.790000,100.000000
0.010000,0.790000,94.227520
0.030000,0.790000,88.550683
0.050000,0.790000,83.055283
0.070000,0.790000,77.810025
0.090000,0.790000,72.863150
0.110000,0.790000,68.242662
0.130000,0.790000,63.959001
0.150000,0.790000,60.008859
0.170000,0.790000,56.379142
0.190000,0.790000,53.050475
0.210000,0.790000,50.000000
0.230000,0.790000,47.203437
0.250000,0.790000,44.636506
0.270000,0.790000,42.275838
0.290000,0.790000,40.099502
0.310000,0.790000,38.087271
0.330000,0.790000,36.220714
0.350000,0.790000,34.483166
0.370000,0.790000,32.859644
0.390000,0.790000,31.336724
0.410000,0.790000,29.902400
0.430000,0.790000,28.545945
0.450000,0.790000,27.257779
0.470000,0.790000,26.029345
0.490000,0.790000,24.852993
0.510000,0.790000,23.721882
0.530000,0.790000,22.629896
0.550000,0.790000,21.571557
0.570000,0.790000,20.541969
0.590000,0.790000,19.536751
0.610000,0.790000,18.551992
0.630000,0.790000,17.584209
0.650000,0.790000,16.630306
0.670000,0.790000,15.687544
0.690000,0.790000,14.753514
0.710000,0.790000,13.826112
0.730000,0.790000,12.903517
0.750000,0.790000,11.984174
0.770000,0.790000,11.066774
0.790000,0.790000,10.150238
0.810000,0.790000,9.233702
0.830000,0.790000,8.316501
0.850000,0.790000,7.398154
0.870000,0.790000,6.478347
0.890000,0.790000,5.556919
0.910000,0.790000,4.633843
0.930000,0.790000,3.709210
0.950000,0.790000,2.783211
0.970000,0.790000,1.856115
0.990000,0.790000,0.928254
1.010000,0.790000,0.000000
-0.010000,0.810000,100.000000
0.010000,0.810000,93.645305
0.030000,0.810000,87.418387
0.050000,0.810000,81.431060
0.070000,0.810000,75.768374
0.090000,0.810000,70.484879
0.110000,0.810000,65.606756
0.130000,0.810000,61.137253
0.150000,0.810000,57.063123
0.170000,0.810000,53.360566
0.190000,0.810000,50.000000
0.210000,0.810000,46.949525
0.230000,0.810000,44.177240
0.250000,0.810000,41.652668
0.270000,0.810000,39.347524
0.290000,0.810000,37.236068
0.310000,0.810000,35.295167
0.330000,0.810000,33.504212
0.350000,0.810000,31.844931
0.370000,0.810000,30.301181
0.390000,0.810000,28.858712
0.410000,0.810000,27.504955
0.430000,0.810000,26.228817
0.450000,0.810000,25.020494
0.470000,0.810000,23.871315
0.490000,0.810000,22.773597
0.510000,0.810000,21.720522
0.530000,0.810000,20.706035
0.550000,0.810000,19.724752
0.570000,0.810000,18.771883
0.590000,0.810000,17.843165
0.610000,0.810000,16.934811
0.630000,0.810000,16.043456
0.650000,0.810000,15.166121
0.670000,0.810000,14.300177
0.690000,0.810000,13.443313
0.710000,0.810000,12.593514
0.730000,0.810000,11.749034
0.750000,0.810000,10.908378
0.770000,0.810000,10.070283
0.790000,0.810000,9.233702
0.810000,0.810000,8.397785
0.830000,0.810000,7.561869
0.850000,0.810000,6.725456
0.870000,0.810000,5.888204
0.890000,0.810000,5.049906
0.910000,0.810000,4.210481
0.930000,0.810000,3.369951
0.950000,0.810000,2.528427
0.970000,0.810000,1.686096
0.990000,0.810000,0.843195
1.010000,0.810000,0.000000
-0.010000,0.830000,100.000000
0.010000,0.830000,92.935313
0.030000,0.830000,86.046499
0.050000,0.830000,79.482197
0.070000,0.830000,73.347530
0.090000,0.830000,67.701237
0.110000,0.830000,62.562231
0.130000,0.830000,57.920133
0.150000,0.830000,53.745814
0.170000,0.830000,50.000000
0.190000,0.830000,46.639434
0.210000,0.830000,43.620858
0.230000,0.830000,40.903333
0.250000,0.830000,38.449401
0.270000,0.830000,36.225524
0.290000,0.830000,34.202078
0.310000,0.830000,32.353118
0.330000,0.830000,30.656034
0.350000,0.830000,29.091167
0.370000,0.830000,27.641435
0.390000,0.830000,26.291987
0.410000,0.830000,25.029893
0.430000,0.830000,23.843873
0.450000,0.830000,22.724066
0.470000,0.830000,21.661825
0.490000,0.830000,20.649557
0.510000,0.830000,19.680573
0.530000,0.830000,18.748971
0.550000,0.830000,17.849533
0.570000,0.830000,16.977645
0.590000,0.830000,16.129217
0.610000,0.830000,15.300630
0.630000,0.830000,14.488682
0.650000,0.830000,13.690546
0.670000,0.830000,12.903729
0.690000,0.830000,12.126049
0.710000,0.830000,11.355598
0.730000,0.830000,10.590727
0.750000,0.830000,9.830021
0.770000,0.830000,9.072279
0.790000,0.830000,8.316501
0.810000,0.830000,7.561869
0.830000,0.830000,6.807734
0.850000,0.830000,6.053598
0.870000,0.830000,5.299105
0.890000,0.830000,4.544022
0.910000,0.830000,3.788224
0.930000,0.830000,3.031684
0.950000,0.830000,2.274452
0.970000,0.830000,1.516646
0.990000,0.830000,0.758430
1.010000,0.830000,0.000000
-0.010000,0.850000,100.000000
0.010000,0.850000,92.049449
0.030000,0.850000,84.350097
0.050000,0.850000,77.103699
0.070000,0.850000,70.438312
0.090000,0.850000,64.410307
0.110000,0.850000,59.020798
0.130000,0.850000,54.235233
0.150000,0.850000,50.000000
0.170000,0.850000,46.254186
0.190000,0.850000,42.936877
0.210000,0.850000,39.991141
0.230000,0.850000,37.365831
0.250000,0.850000,35.016080
0.270000,0.850000,32.903092
0.290000,0.850000,30.993601
0.310000,0.850000,29.259194
0.330000,0.850000,27.675641
0.350000,0.850000,26.222268
0.370000,0.850000,24.881406
0.390000,0.850000,23.637908
0.410000,0.850000,22.478756
0.430000,0.850000,21.392718
0.450000,0.850000,20.370069
0.470000,0.850000,19.402363
0.490000,0.850000,18.482234
0.510000,0.850000,17.603243
0.530000,0.850000,16.759741
0.550000,0.850000,15.946766
0.570000,0.850000,15.159946
0.590000,0.850000,14.395427
0.610000,0.850000,13.649810
0.630000,0.850000,12.920098
0.650000,0.850000,12.203650
0.670000,0.850000,11.498146
0.690000,0.850000,10.801554
0.710000,0.850000,10.112102
0.730000,0.850000,9.428256
0.750000,0.850000,8.748699
0.770000,0.850000,8.072311
0.790000,0.850000,7.398154
0.810000,0.850000,6.725456
0.830000,0.850000,6.053598
0.850000,0.850000,5.382098
0.870000,0.850000,4.710598
0.890000,0.850000,4.038851
0.910000,0.850000,3.366709
0.930000,0.850000,2.694107
0.950000,0.850000,2.021052
0.970000,0.850000,1.347607
0.990000,0.850000,0.673878
1.010000,0.850000,0.000000
-0.010000,0.870000,100.000000
0.010000,0.870000,90.912387
0.030000,0.870000,82.200742
0.050000,0.870000,74.144189
0.070000,0.870000,66.891713
0.090000,0.870000,60.480882
0.110000,0.870000,54.875420
0.130000,0.870000,50.000000
0.150000,0.870000,45.764767
0.170000,0.870000,42.079867
0.190000,0.870000,38.862747
0.210000,0.870000,36.040999
0.230000,0.870000,33.552771
0.250000,0.870000,31.345994
0.270000,0.870000,29.377165
0.290000,0.870000,27.610040
0.310000,0.870000,26.014414
0.330000,0.870000,24.565066
0.350000,0.870000,23.240860
0.370000,0.870000,22.024011
0.390000,0.870000,20.899484
0.410000,0.870000,19.854505
0.430000,0.870000,18.878172
0.450000,0.870000,17.961131
0.470000,0.870000,17.095324
0.490000,0.870000,16.273774
0.510000,0.870000,15.490423
0.530000,0.870000,14.739986
0.550000,0.870000,14.017843
0.570000,0.870000,13.319945
0.590000,0.870000,12.642735
0.610000,0.870000,11.983085
0.630000,0.870000,11.338249
0.650000,0.870000,10.705810
0.670000,0.870000,10.083651
0.690000,0.870000,9.469919
0.710000,0.870000,8.863000
0.730000,0.870000,8.261497
0.750000,0.870000,7.664208
0.770000,0.870000,7.070111
0.790000,0.870000,6.478347
0.810000,0.870000,5.888204
0.830000,0.870000,5.299105
0.850000,0.870000,4.710598
0.870000,0.870000,4.122337
0.890000,0.870000,3.534076
0.910000,0.870000,2.945654
0.930000,0.870000,2.356984
0.950000,0.870000,1.768042
0.970000,0.870000,1.178852
0.990000,0.870000,0.589476
1.010000,0.870000,0.000000
-0.010000,0.890000,100.000000
0.010000,0.890000,89.399357
0.030000,0.890000,79.396296
0.050000,0.890000,70.380601
0.070000,0.890000,62.503470
0.090000,0.890000,55.746088
0.110000,0.890000,50.000000
0.130000,0.890000,45.124580
0.150000,0.890000,40.979202
0.170000,0.890000,37.437769
0.190000,0.890000,34.393244
0.210000,0.890000,31.757338
0.230000,0.890000,29.458259
0.250000,0.890000,27.437960
0.270000,0.890000,25.649535
0.290000,0.890000,24.054979
0.310000,0.890000,22.623358
0.330000,0.890000,21.329350
0.350000,0.890000,20.152095
0.370000,0.890000,19.074295
0.390000,0.890000,18.081510
0.410000,0.890000,17.161609
0.430000,0.890000,16.304334
0.450000,0.890000,15.500960
0.470000,0.890000,14.744026
0.490000,0.890000,14.027115
0.510000,0.890000,13.344688
0.530000,0.890000,12.691936
0.550000,0.890000,12.064677
0.570000,0.890000,11.459257
0.590000,0.890000,10.872481
0.610000,0.890000,10.301548
0.630000,0.890000,9.744002
0.650000,0.890000,9.197691
0.670000,0.890000,8.660730
0.690000,0.890000,8.131471
0.710000,0.890000,7.608482
0.730000,0.890000,7.090523
0.750000,0.890000,6.576525
0.770000,0.890000,6.065579
0.790000,0.890000,5.556919
0.810000,0.890000,5.049906
0.830000,0.890000,4.544022
0.850000,0.890000,4.038851
0.870000,0.890000,3.534076
0.890000,0.890000,3.029461
0.910000,0.890000,2.524846
0.930000,0.890000,2.020134
0.950000,0.890000,1.515281
0.970000,0.890000,1.010283
0.990000,0.890000,0.505173
1.010000,0.890000,0.000000
-0.010000,0.910000,100.000000
0.010000,0.910000,87.288745
0.030000,0.910000,75.604484
0.050000,0.910000,65.478447
0.070000,0.910000,56.995479
0.090000,0.910000,50.000000
0.110000,0.910000,44.253912
0.130000,0.910000,39.519118
0.150000,0.910000,35.589693
0.170000,0.910000,32.298763
0.190000,0.910000,29.515121
0.210000,0.910000,27.136850
0.230000,0.910000,25.084967
0.250000,0.910000,23.298053
0.270000,0.910000,21.728036
0.290000,0.910000,20.336982
0.310000,0.910000,19.094688
0.330000,0.910000,17.976881
0.350000,0.910000,16.963875
0.370000,0.910000,16.039563
0.390000,0.910000,15.190653
0.410000,0.910000,14.406087
0.430000,0.910000,13.676594
0.450000,0.910000,12.994349
0.470000,0.910000,12.352704
0.490000,0.910000,11.745974
0.510000,0.910000,11.169277
0.530000,0.910000,10.618394
0.550000,0.910000,10.089670
0.570000,0.910000,9.579925
0.590000,0.910000,9.086384
0.610000,0.910000,8.606623
0.630000,0.910000,8.138521
0.650000,0.910000,7.680223
0.670000,0.910000,7.230105
0.690000,0.910000,6.786753
0.710000,0.910000,6.348935
0.730000,0.910000,5.915586
0.750000,0.910000,5.485790
0.770000,0.910000,5.058762
0.790000,0.910000,4.633843
0.810000,0.910000,4.210481
0.830000,0.910000,3.788224
0.850000,0.910000,3.366709
0.870000,0.910000,2.945654
0.890000,0.910000,2.524846
0.910000,0.910000,2.104136
0.930000,0.910000,1.683426
0.950000,0.910000,1.262662
0.970000,0.910000,0.841828
0.990000,0.910000,0.420932
1.010000,0.910000,0.000000
-0.010000,0.930000,100.000000
0.010000,0.930000,84.151138
0.030000,0.930000,70.254450
0.050000,0.930000,58.933224
0.070000,0.930000,50.000000
0.090000,0.930000,43.004521
0.110000,0.930000,37.496530
0.130000,0.930000,33.108287
0.150000,0.930000,29.561688
0.170000,0.930000,26.652470
0.190000,0.930000,24.231626
0.210000,0.930000,22.189975
0.230000,0.930000,20.446706
0.250000,0.930000,18.941248
0.270000,0.930000,17.627573
0.290000,0.930000,16.470227
0.310000,0.930000,15.441532
0.330000,0.930000,14.519610
0.350000,0.930000,13.686960
0.370000,0.930000,12.929430
0.390000,0.930000,12.235453
0.410000,0.930000,11.595491
0.430000,0.930000,11.001606
0.450000,0.930000,10.447139
0.470000,0.930000,9.926466
0.490000,0.930000,9.434801
0.510000,0.930000,8.968051
0.530000,0.930000,8.522693
0.550000,0.930000,8.095686
0.570000,0.930000,7.684389
0.590000,0.930000,7.286508
0.610000,0.930000,6.900040
0.630000,0.930000,6.523237
0.650000,0.930000,6.154573
0.670000,0.930000,5.792715
0.690000,0.930000,5.436500
0.710000,0.930000,5.084919
0.730000,0.930000,4.737098
0.750000,0.930000,4.392285
0.770000,0.930000,4.049837
0.790000,0.930000,3.709210
0.810000,0.930000,3.369951
0.830000,0.930000,3.031684
0.850000,0.930000,2.694107
0.870000,0.930000,2.356984
0.890000,0.930000,2.020134
0.910000,0.930000,1.683426
0.930000,0.930000,1.346770
0.950000,0.930000,1.010115
0.970000,0.930000,0.673435
0.990000,0.930000,0.336726
1.010000,0.930000,0.000000
-0.010000,0.950000,100.000000
0.010000,0.950000,79.061357
0.030000,0.950000,62.328952
0.050000,0.950000,50.000000
0.070000,0.950000,41.066776
0.090000,0.950000,34.521553
0.110000,0.950000,29.619399
0.130000,0.950000,25.855811
0.150000,0.950000,22.896301
0.170000,0.950000,20.517803
0.190000,0.950000,18.568940
0.210000,0.950000,16.944717
0.230000,0.950000,15.570635
0.250000,0.950000,14.392659
0.270000,0.950000,13.370782
0.290000,0.950000,12.474820
0.310000,0.950000,11.681602
0.330000,0.950000,10.973066
0.350000,0.950000,10.334927
0.370000,0.950000,9.755743
0.390000,0.950000,9.226239
0.410000,0.950000,8.738819
0.430000,0.950000,8.287199
0.450000,0.950000,7.866136
0.470000,0.950000,7.471220
0.490000,0.950000,7.098714
0.510000,0.950000,6.745432
0.530000,0.950000,6.408642
0.550000,0.950000,6.085990
0.570000,0.950000,5.775438
0.590000,0.950000,5.475218
0.610000,0.950000,5.183791
0.630000,0.950000,4.899814
0.650000,0.950000,4.622118
0.670000,0.950000,4.349681
0.690000,0.950000,4.081613
0.710000,0.950000,3.817143
0.730000,0.950000,3.555603
0.750000,0.950000,3.296416
0.770000,0.950000,3.039091
0.790000,0.950000,2.783211
0.810000,0.950000,2.528427
0.830000,0.950000,2.274452
0.850000,0.950000,2.021052
0.870000,0.950000,1.768042
0.890000,0.950000,1.515281
0.910000,0.950000,1.262662
0.930000,0.950000,1.010115
0.950000,0.950000,0.757592
0.970000,0.950000,0.505070
0.990000,0.950000,0.252539
1.010000,0.950000,0.000000
-0.010000,0.970000,100.000000
0.010000,0.970000,69.765339
0.030000,0.970000,50.000000
0.050000,0.970000,37.671048
0.070000,0.970000,29.745550
0.090000,0.970000,24.395516
0.110000,0.970000,20.603704
0.130000,0.970000,17.799258
0.150000,0.970000,15.649903
0.170000,0.970000,13.953501
0.190000,0.970000,12.581613
0.210000,0.970000,11.449317
0.230000,0.970000,10.498457
0.250000,0.970000,9.687971
0.270000,0.970000,8.988077
0.290000,0.970000,8.376667
0.310000,0.970000,7.836991
0.330000,0.970000,7.356126
0.350000,0.970000,6.923940
0.370000,0.970000,6.532375
0.390000,0.970000,6.174940
0.410000,0.970000,5.846346
0.430000,0.970000,5.542235
0.450000,0.970000,5.258986
0.470000,0.970000,4.993564
0.490000,0.970000,4.743403
0.510000,0.970000,4.506321
0.530000,0.970000,4.280453
0.550000,0.970000,4.064193
0.570000,0.970000,3.856155
0.590000,0.970000,3.655136
0.610000,0.970000,3.460091
0.630000,0.970000,3.270111
0.650000,0.970000,3.084404
0.670000,0.970000,2.902277
0.690000,0.970000,2.723129
0.710000,0.970000,2.546439
0.730000,0.970000,2.371753
0.750000,0.970000,2.198684
0.770000,0.970000,2.026899
0.790000,0.970000,1.856115
0.810000,0.970000,1.686096
0.830000,0.970000,1.516646
0.850000,0.970000,1.347607
0.870000,0.970000,1.178852
0.890000,0.970000,1.010283
0.910000,0.970000,0.841828
0.930000,0.970000,0.673435
0.950000,0.970000,0.505070
0.970000,0.970000,0.336714
0.990000,0.970000,0.168358
1.010000,0.970000,0.000000
-0.010000,0.990000,100.000000
0.010000,0.990000,50.000000
0.030000,0.990000,30.234661
0.050000,0.990000,20.938643
0.070000,0.990000,15.848862
0.090000,0.990000,12.711255
0.110000,0.990000,10.600643
0.130000,0.990000,9.087613
0.150000,0.990000,7.950551
0.170000,0.990000,7.064687
0.190000,0.990000,6.354695
0.210000,0.990000,5.772480
0.230000,0.990000,5.285907
0.250000,0.990000,4.872691
0.270000,0.990000,4.516887
0.290000,0.990000,4.206781
0.310000,0.990000,3.933570
0.330000,0.990000,3.690507
0.350000,0.990000,3.472331
0.370000,0.990000,3.274877
0.390000,0.990000,3.094801
0.410000,0.990000,2.929389
0.430000,0.990000,2.776408
0.450000,0.990000,2.634010
0.470000,0.990000,2.500646
0.490000,0.990000,2.375012
0.510000,0.990000,2.255997
0.530000,0.990000,2.142657
0.550000,0.990000,2.034176
0.570000,0.990000,1.929852
0.590000,0.990000,1.829079
0.610000,0.990000,1.731327
0.630000,0.990000,1.636137
0.650000,0.990000,1.543108
0.670000,0.990000,1.451893
0.690000,0.990000,1.362188
0.710000,0.990000,1.273729
0.730000,0.990000,1.186288
0.750000,0.990000,1.099669
0.770000,0.990000,1.013706
0.790000,0.990000,0.928254
0.810000,0.990000,0.843195
0.830000,0.990000,0.758430
0.850000,0.990000,0.673878
0.870000,0.990000,0.589476
0.890000,0.990000,0.505173
0.910000,0.990000,0.420932
0.930000,0.990000,0.336726
0.950000,0.990000,0.252539
0.970000,0.990000,0.168358
0.990000,0.990000,0.084179
1.010000,0.990000,0.000000
-0.010000,1.010000,100.000000
0.010000,1.010000,0.000000
0.030000,1.010000,0.000000
0.050000,1.010000,0.000000
0.070000,1.010000,0.000000
0.090000,1.010000,0.000000
0.110000,1.010000,0.000000
0.130000,1.010000,0.000000
0.150000,1.010000,0.000000
0.170000,1.010000,0.000000
0.190000,1.010000,0.000000
0.210000,1.010000,0.000000
0.230000,1.010000,0.000000
0.250000,1.010000,0.000000
0.270000,1.010000,0.000000
0.290000,1.010000,0.000000
0.310000,1.010000,0.000000
0.330000,1.010000,0.000000
0.350000,1.010000,0.000000
0.370000,1.010000,0.000000
0.390000,1.010000,0.000000
0.410000,1.010000,0.000000
0.430000,1.010000,0.000000
0.450000,1.010000,0.000000
0.470000,1.010000,0.000000
0.490000,1.010000,0.000000
0.510000,1.010000,0.000000
0.530000,1.010000,0.000000
0.550000,1.010000,0.000000
0.570000,1.010000,0.000000
0.590000,1.010000,0.000000
0.610000,1.010000,0.000000
0.630000,1.010000,0.000000
0.650000,1.010000,0.000000
0.670000,1.010000,0.000000
0.690000,1.010000,0.000000
0.710000,1.010000,0.000000
0.730000,1.010000,0.000000
0.750000,1.010000,0.000000
0.770000,1.010000,0.000000
0.790000,1.010000,0.000000
0.810000,1.010000,0.000000
0.830000,1.010000,0.000000
0.850000,1.010000,0.000000
0.870000,1.010000,0.000000
0.890000,1.010000,0.000000
0.910000,1.010000,0.000000
0.930000,1.010000,0.000000
0.950000,1.010000,0.000000
0.970000,1.010000,0.000000
0.990000,1.010000,0.000000
1.010000,1.010000,0.000000
