TITLE = "Post Processing Tecplot"
VARIABLES = "X","Y","T"
ZONE T="BIG ZONE", I=52, J=52, DATAPACKING=POINT
-0.010000,-0.010000,1.000000
0.010000,-0.010000,1.000000
0.030000,-0.010000,1.000000
0.050000,-0.010000,1.000000
0.070000,-0.010000,1.000000
0.090000,-0.010000,1.000000
0.110000,-0.010000,1.000000
0.130000,-0.010000,1.000000
0.150000,-0.010000,1.000000
0.170000,-0.010000,1.000000
0.190000,-0.010000,1.000000
0.210000,-0.010000,1.000000
0.230000,-0.010000,1.000000
0.250000,-0.010000,1.000000
0.270000,-0.010000,1.000000
0.290000,-0.010000,1.000000
0.310000,-0.010000,1.000000
0.330000,-0.010000,1.000000
0.350000,-0.010000,1.000000
0.370000,-0.010000,1.000000
0.390000,-0.010000,0.999999
0.410000,-0.010000,0.999999
0.430000,-0.010000,0.999999
0.450000,-0.010000,0.999999
0.470000,-0.010000,0.999999
0.490000,-0.010000,0.999999
0.510000,-0.010000,0.999999
0.530000,-0.010000,0.999999
0.550000,-0.010000,0.999999
0.570000,-0.010000,0.999999
0.590000,-0.010000,0.999999
0.610000,-0.010000,0.999999
0.630000,-0.010000,0.999999
0.650000,-0.010000,0.999999
0.670000,-0.010000,1.000000
0.690000,-0.010000,1.000000
0.710000,-0.010000,1.000000
0.730000,-0.010000,1.000000
0.750000,-0.010000,1.000000
0.770000,-0.010000,1.000000
0.790000,-0.010000,1.000000
0.810000,-0.010000,1.000000
0.830000,-0.010000,1.000000
0.850000,-0.010000,1.000000
0.870000,-0.010000,1.000000
0.890000,-0.010000,1.000000
0.910000,-0.010000,1.000000
0.930000,-0.010000,1.000000
0.950000,-0.010000,1.000000
0.970000,-0.010000,1.000000
0.990000,-0.010000,1.000000
1.010000,-0.010000,1.000000
-0.010000,0.010000,1.000000
0.010000,0.010000,1.000000
0.030000,0.010000,1.000000
0.050000,0.010000,1.000000
0.070000,0.010000,1.000000
0.090000,0.010000,1.000000
0.110000,0.010000,1.000000
0.130000,0.010000,1.000000
0.150000,0.010000,1.000000
0.170000,0.010000,1.000000
0.190000,0.010000,1.000000
0.210000,0.010000,1.000000
0.230000,0.010000,1.000000
0.250000,0.010000,1.000000
0.270000,0.010000,1.000000
0.290000,0.010000,1.000000
0.310000,0.010000,1.000000
0.330000,0.010000,1.000000
0.350000,0.010000,1.000000
0.370000,0.010000,1.000000
0.390000,0.010000,1.000001
0.410000,0.010000,1.000001
0.430000,0.010000,1.000001
0.450000,0.010000,1.000001
0.470000,0.010000,1.000001
0.490000,0.010000,1.000001
0.510000,0.010000,1.000001
0.530000,0.010000,1.000001
0.550000,0.010000,1.000001
0.570000,0.010000,1.000001
0.590000,0.010000,1.000001
0.610000,0.010000,1.000001
0.630000,0.010000,1.000001
0.650000,0.010000,1.000001
0.670000,0.010000,1.000000
0.690000,0.010000,1.000000
0.710000,0.010000,1.000000
0.730000,0.010000,1.000000
0.750000,0.010000,1.000000
0.770000,0.010000,1.000000
0.790000,0.010000,1.000000
0.810000,0.010000,1.000000
0.830000,0.010000,1.000000
0.850000,0.010000,1.000000
0.870000,0.010000,1.000000
0.890000,0.010000,1.000000
0.910000,0.010000,1.000000
0.930000,0.010000,1.000000
0.950000,0.010000,1.000000
0.970000,0.010000,1.000000
0.990000,0.010000,1.000000
1.010000,0.010000,1.000000
-0.010000,0.030000,1.000000
0.010000,0.030000,1.000000
0.030000,0.030000,1.000000
0.050000,0.030000,1.000000
0.070000,0.030000,1.000000
0.090000,0.030000,1.000000
0.110000,0.030000,1.000000
0.130000,0.030000,1.000000
0.150000,0.030000,1.000000
0.170000,0.030000,1.000000
0.190000,0.030000,1.000000
0.210000,0.030000,1.000000
0.230000,0.030000,1.000000
0.250000,0.030000,1.000000
0.270000,0.030000,1.000000
0.290000,0.030000,1.000000
0.310000,0.030000,1.000000
0.330000,0.030000,1.000001
0.350000,0.030000,1.000001
0.370000,0.030000,1.000001
0.390000,0.030000,1.000002
0.410000,0.030000,1.000002
0.430000,0.030000,1.000003
0.450000,0.030000,1.000003
0.470000,0.030000,1.000003
0.490000,0.030000,1.000004
0.510000,0.030000,1.000004
0.530000,0.030000,1.000004
0.550000,0.030000,1.000004
0.570000,0.030000,1.000003
0.590000,0.030000,1.000003
0.610000,0.030000,1.000003
0.630000,0.030000,1.000002
0.650000,0.030000,1.000002
0.670000,0.030000,1.000001
0.690000,0.030000,1.000001
0.710000,0.030000,1.000001
0.730000,0.030000,1.000000
0.750000,0.030000,1.000000
0.770000,0.030000,1.000000
0.790000,0.030000,1.000000
0.810000,0.030000,1.000000
0.830000,0.030000,1.000000
0.850000,0.030000,1.000000
0.870000,0.030000,1.000000
0.890000,0.030000,1.000000
0.910000,0.030000,1.000000
0.930000,0.030000,1.000000
0.950000,0.030000,1.000000
0.970000,0.030000,1.000000
0.990000,0.030000,1.000000
1.010000,0.030000,1.000000
-0.010000,0.050000,1.000000
0.010000,0.050000,1.000000
0.030000,0.050000,1.000000
0.050000,0.050000,1.000000
0.070000,0.050000,1.000000
0.090000,0.050000,1.000000
0.110000,0.050000,1.000000
0.130000,0.050000,1.000000
0.150000,0.050000,1.000000
0.170000,0.050000,1.000000
0.190000,0.050000,1.000000
0.210000,0.050000,1.000000
0.230000,0.050000,1.000000
0.250000,0.050000,1.000000
0.270000,0.050000,1.000000
0.290000,0.050000,1.000001
0.310000,0.050000,1.000001
0.330000,0.050000,1.000002
0.350000,0.050000,1.000002
0.370000,0.050000,1.000003
0.390000,0.050000,1.000004
0.410000,0.050000,1.000005
0.430000,0.050000,1.000006
0.450000,0.050000,1.000007
0.470000,0.050000,1.000008
0.490000,0.050000,1.000009
0.510000,0.050000,1.000009
0.530000,0.050000,1.000009
0.550000,0.050000,1.000009
0.570000,0.050000,1.000008
0.590000,0.050000,1.000007
0.610000,0.050000,1.000006
0.630000,0.050000,1.000005
0.650000,0.050000,1.000004
0.670000,0.050000,1.000003
0.690000,0.050000,1.000002
0.710000,0.050000,1.000002
0.730000,0.050000,1.000001
0.750000,0.050000,1.000001
0.770000,0.050000,1.000000
0.790000,0.050000,1.000000
0.810000,0.050000,1.000000
0.830000,0.050000,1.000000
0.850000,0.050000,1.000000
0.870000,0.050000,1.000000
0.890000,0.050000,1.000000
0.910000,0.050000,1.000000
0.930000,0.050000,1.000000
0.950000,0.050000,1.000000
0.970000,0.050000,1.000000
0.990000,0.050000,1.000000
1.010000,0.050000,1.000000
-0.010000,0.070000,1.000000
0.010000,0.070000,1.000000
0.030000,0.070000,1.000000
0.050000,0.070000,1.000000
0.070000,0.070000,1.000000
0.090000,0.070000,1.000000
0.110000,0.070000,1.000000
0.130000,0.070000,1.000000
0.150000,0.070000,1.000000
0.170000,0.070000,1.000000
0.190000,0.070000,1.000000
0.210000,0.070000,1.000000
0.230000,0.070000,1.000000
0.250000,0.070000,1.000001
0.270000,0.070000,1.000001
0.290000,0.070000,1.000002
0.310000,0.070000,1.000002
0.330000,0.070000,1.000004
0.350000,0.070000,1.000005
0.370000,0.070000,1.000007
0.390000,0.070000,1.000009
0.410000,0.070000,1.000012
0.430000,0.070000,1.000014
0.450000,0.070000,1.000016
0.470000,0.070000,1.000018
0.490000,0.070000,1.000020
0.510000,0.070000,1.000021
0.530000,0.070000,1.000021
0.550000,0.070000,1.000020
0.570000,0.070000,1.000018
0.590000,0.070000,1.000016
0.610000,0.070000,1.000014
0.630000,0.070000,1.000012
0.650000,0.070000,1.000009
0.670000,0.070000,1.000007
0.690000,0.070000,1.000005
0.710000,0.070000,1.000004
0.730000,0.070000,1.000002
0.750000,0.070000,1.000002
0.770000,0.070000,1.000001
0.790000,0.070000,1.000001
0.810000,0.070000,1.000000
0.830000,0.070000,1.000000
0.850000,0.070000,1.000000
0.870000,0.070000,1.000000
0.890000,0.070000,1.000000
0.910000,0.070000,1.000000
0.930000,0.070000,1.000000
0.950000,0.070000,1.000000
0.970000,0.070000,1.000000
0.990000,0.070000,1.000000
1.010000,0.070000,1.000000
-0.010000,0.090000,1.000000
0.010000,0.090000,1.000000
0.030000,0.090000,1.000000
0.050000,0.090000,1.000000
0.070000,0.090000,1.000000
0.090000,0.090000,1.000000
0.110000,0.090000,1.000000
0.130000,0.090000,1.000000
0.150000,0.090000,1.000000
0.170000,0.090000,1.000000
0.190000,0.090000,1.000000
0.210000,0.090000,1.000000
0.230000,0.090000,1.000001
0.250000,0.090000,1.000001
0.270000,0.090000,1.000002
0.290000,0.090000,1.000003
0.310000,0.090000,1.000005
0.330000,0.090000,1.000008
0.350000,0.090000,1.000011
0.370000,0.090000,1.000015
0.390000,0.090000,1.000020
0.410000,0.090000,1.000025
0.430000,0.090000,1.000030
0.450000,0.090000,1.000035
0.470000,0.090000,1.000040
0.490000,0.090000,1.000043
0.510000,0.090000,1.000045
0.530000,0.090000,1.000045
0.550000,0.090000,1.000043
0.570000,0.090000,1.000040
0.590000,0.090000,1.000035
0.610000,0.090000,1.000030
0.630000,0.090000,1.000025
0.650000,0.090000,1.000020
0.670000,0.090000,1.000015
0.690000,0.090000,1.000011
0.710000,0.090000,1.000008
0.730000,0.090000,1.000005
0.750000,0.090000,1.000003
0.770000,0.090000,1.000002
0.790000,0.090000,1.000001
0.810000,0.090000,1.000001
0.830000,0.090000,1.000000
0.850000,0.090000,1.000000
0.870000,0.090000,1.000000
0.890000,0.090000,1.000000
0.910000,0.090000,1.000000
0.930000,0.090000,1.000000
0.950000,0.090000,1.000000
0.970000,0.090000,1.000000
0.990000,0.090000,1.000000
1.010000,0.090000,1.000000
-0.010000,0.110000,1.000000
0.010000,0.110000,1.000000
0.030000,0.110000,1.000000
0.050000,0.110000,1.000000
0.070000,0.110000,1.000000
0.090000,0.110000,1.000000
0.110000,0.110000,1.000000
0.130000,0.110000,1.000000
0.150000,0.110000,1.000000
0.170000,0.110000,1.000000
0.190000,0.110000,1.000000
0.210000,0.110000,1.000001
0.230000,0.110000,1.000002
0.250000,0.110000,1.000003
0.270000,0.110000,1.000004
0.290000,0.110000,1.000007
0.310000,0.110000,1.000011
0.330000,0.110000,1.000016
0.350000,0.110000,1.000023
0.370000,0.110000,1.000031
0.390000,0.110000,1.000041
0.410000,0.110000,1.000052
0.430000,0.110000,1.000063
0.450000,0.110000,1.000073
0.470000,0.110000,1.000082
0.490000,0.110000,1.000089
0.510000,0.110000,1.000093
0.530000,0.110000,1.000093
0.550000,0.110000,1.000089
0.570000,0.110000,1.000082
0.590000,0.110000,1.000073
0.610000,0.110000,1.000062
0.630000,0.110000,1.000051
0.650000,0.110000,1.000041
0.670000,0.110000,1.000031
0.690000,0.110000,1.000023
0.710000,0.110000,1.000016
0.730000,0.110000,1.000011
0.750000,0.110000,1.000007
0.770000,0.110000,1.000004
0.790000,0.110000,1.000003
0.810000,0.110000,1.000002
0.830000,0.110000,1.000001
0.850000,0.110000,1.000000
0.870000,0.110000,1.000000
0.890000,0.110000,1.000000
0.910000,0.110000,1.000000
0.930000,0.110000,1.000000
0.950000,0.110000,1.000000
0.970000,0.110000,1.000000
0.990000,0.110000,1.000000
1.010000,0.110000,1.000000
-0.010000,0.130000,1.000000
0.010000,0.130000,1.000000
0.030000,0.130000,1.000000
0.050000,0.130000,1.000000
0.070000,0.130000,1.000000
0.090000,0.130000,1.000000
0.110000,0.130000,1.000000
0.130000,0.130000,1.000000
0.150000,0.130000,1.000000
0.170000,0.130000,1.000000
0.190000,0.130000,1.000001
0.210000,0.130000,1.000002
0.230000,0.130000,1.000003
0.250000,0.130000,1.000005
0.270000,0.130000,1.000009
0.290000,0.130000,1.000014
0.310000,0.130000,1.000021
0.330000,0.130000,1.000032
0.350000,0.130000,1.000045
0.370000,0.130000,1.000062
0.390000,0.130000,1.000081
0.410000,0.130000,1.000103
0.430000,0.130000,1.000125
0.450000,0.130000,1.000146
0.470000,0.130000,1.000164
0.490000,0.130000,1.000177
0.510000,0.130000,1.000184
0.530000,0.130000,1.000184
0.550000,0.130000,1.000177
0.570000,0.130000,1.000163
0.590000,0.130000,1.000145
0.610000,0.130000,1.000124
0.630000,0.130000,1.000102
0.650000,0.130000,1.000081
0.670000,0.130000,1.000062
0.690000,0.130000,1.000045
0.710000,0.130000,1.000032
0.730000,0.130000,1.000022
0.750000,0.130000,1.000014
0.770000,0.130000,1.000009
0.790000,0.130000,1.000005
0.810000,0.130000,1.000003
0.830000,0.130000,1.000002
0.850000,0.130000,1.000001
0.870000,0.130000,1.000000
0.890000,0.130000,1.000000
0.910000,0.130000,1.000000
0.930000,0.130000,1.000000
0.950000,0.130000,1.000000
0.970000,0.130000,1.000000
0.990000,0.130000,1.000000
1.010000,0.130000,1.000000
-0.010000,0.150000,1.000000
0.010000,0.150000,1.000000
0.030000,0.150000,1.000000
0.050000,0.150000,1.000000
0.070000,0.150000,1.000000
0.090000,0.150000,1.000000
0.110000,0.150000,1.000000
0.130000,0.150000,1.000000
0.150000,0.150000,1.000000
0.170000,0.150000,1.000001
0.190000,0.150000,1.000002
0.210000,0.150000,1.000003
0.230000,0.150000,1.000006
0.250000,0.150000,1.000010
0.270000,0.150000,1.000017
0.290000,0.150000,1.000026
0.310000,0.150000,1.000041
0.330000,0.150000,1.000060
0.350000,0.150000,1.000086
0.370000,0.150000,1.000118
0.390000,0.150000,1.000155
0.410000,0.150000,1.000196
0.430000,0.150000,1.000238
0.450000,0.150000,1.000278
0.470000,0.150000,1.000312
0.490000,0.150000,1.000337
0.510000,0.150000,1.000350
0.530000,0.150000,1.000350
0.550000,0.150000,1.000336
0.570000,0.150000,1.000311
0.590000,0.150000,1.000277
0.610000,0.150000,1.000236
0.630000,0.150000,1.000195
0.650000,0.150000,1.000154
0.670000,0.150000,1.000117
0.690000,0.150000,1.000086
0.710000,0.150000,1.000061
0.730000,0.150000,1.000041
0.750000,0.150000,1.000027
0.770000,0.150000,1.000017
0.790000,0.150000,1.000010
0.810000,0.150000,1.000006
0.830000,0.150000,1.000003
0.850000,0.150000,1.000002
0.870000,0.150000,1.000001
0.890000,0.150000,1.000000
0.910000,0.150000,1.000000
0.930000,0.150000,1.000000
0.950000,0.150000,1.000000
0.970000,0.150000,1.000000
0.990000,0.150000,1.000000
1.010000,0.150000,1.000000
-0.010000,0.170000,1.000000
0.010000,0.170000,1.000000
0.030000,0.170000,1.000000
0.050000,0.170000,1.000000
0.070000,0.170000,1.000000
0.090000,0.170000,1.000000
0.110000,0.170000,1.000000
0.130000,0.170000,1.000000
0.150000,0.170000,1.000001
0.170000,0.170000,1.000002
0.190000,0.170000,1.000003
0.210000,0.170000,1.000006
0.230000,0.170000,1.000010
0.250000,0.170000,1.000018
0.270000,0.170000,1.000030
0.290000,0.170000,1.000048
0.310000,0.170000,1.000075
0.330000,0.170000,1.000110
0.350000,0.170000,1.000157
0.370000,0.170000,1.000215
0.390000,0.170000,1.000283
0.410000,0.170000,1.000357
0.430000,0.170000,1.000434
0.450000,0.170000,1.000507
0.470000,0.170000,1.000570
0.490000,0.170000,1.000616
0.510000,0.170000,1.000640
0.530000,0.170000,1.000640
0.550000,0.170000,1.000615
0.570000,0.170000,1.000568
0.590000,0.170000,1.000505
0.610000,0.170000,1.000432
0.630000,0.170000,1.000355
0.650000,0.170000,1.000281
0.670000,0.170000,1.000214
0.690000,0.170000,1.000157
0.710000,0.170000,1.000111
0.730000,0.170000,1.000075
0.750000,0.170000,1.000049
0.770000,0.170000,1.000031
0.790000,0.170000,1.000019
0.810000,0.170000,1.000011
0.830000,0.170000,1.000006
0.850000,0.170000,1.000003
0.870000,0.170000,1.000002
0.890000,0.170000,1.000001
0.910000,0.170000,1.000000
0.930000,0.170000,1.000000
0.950000,0.170000,1.000000
0.970000,0.170000,1.000000
0.990000,0.170000,1.000000
1.010000,0.170000,1.000000
-0.010000,0.190000,1.000000
0.010000,0.190000,1.000000
0.030000,0.190000,1.000000
0.050000,0.190000,1.000000
0.070000,0.190000,1.000000
0.090000,0.190000,1.000000
0.110000,0.190000,1.000000
0.130000,0.190000,1.000001
0.150000,0.190000,1.000001
0.170000,0.190000,1.000003
0.190000,0.190000,1.000005
0.210000,0.190000,1.000010
0.230000,0.190000,1.000018
0.250000,0.190000,1.000032
0.270000,0.190000,1.000053
0.290000,0.190000,1.000085
0.310000,0.190000,1.000130
0.330000,0.190000,1.000193
0.350000,0.190000,1.000275
0.370000,0.190000,1.000376
0.390000,0.190000,1.000495
0.410000,0.190000,1.000625
0.430000,0.190000,1.000760
0.450000,0.190000,1.000889
0.470000,0.190000,1.000998
0.490000,0.190000,1.001079
0.510000,0.190000,1.001121
0.530000,0.190000,1.001120
0.550000,0.190000,1.001077
0.570000,0.190000,1.000995
0.590000,0.190000,1.000885
0.610000,0.190000,1.000757
0.630000,0.190000,1.000622
0.650000,0.190000,1.000493
0.670000,0.190000,1.000375
0.690000,0.190000,1.000275
0.710000,0.190000,1.000194
0.730000,0.190000,1.000131
0.750000,0.190000,1.000086
0.770000,0.190000,1.000054
0.790000,0.190000,1.000033
0.810000,0.190000,1.000019
0.830000,0.190000,1.000011
0.850000,0.190000,1.000006
0.870000,0.190000,1.000003
0.890000,0.190000,1.000001
0.910000,0.190000,1.000001
0.930000,0.190000,1.000000
0.950000,0.190000,1.000000
0.970000,0.190000,1.000000
0.990000,0.190000,1.000000
1.010000,0.190000,1.000000
-0.010000,0.210000,1.000000
0.010000,0.210000,1.000000
0.030000,0.210000,1.000000
0.050000,0.210000,1.000000
0.070000,0.210000,1.000000
0.090000,0.210000,1.000000
0.110000,0.210000,1.000000
0.130000,0.210000,1.000001
0.150000,0.210000,1.000002
0.170000,0.210000,1.000005
0.190000,0.210000,1.000009
0.210000,0.210000,1.000017
0.230000,0.210000,1.000031
0.250000,0.210000,1.000053
0.270000,0.210000,1.000089
0.290000,0.210000,1.000142
0.310000,0.210000,1.000219
0.330000,0.210000,1.000324
0.350000,0.210000,1.000461
0.370000,0.210000,1.000631
0.390000,0.210000,1.000830
0.410000,0.210000,1.001049
0.430000,0.210000,1.001275
0.450000,0.210000,1.001490
0.470000,0.210000,1.001675
0.490000,0.210000,1.001810
0.510000,0.210000,1.001881
0.530000,0.210000,1.001879
0.550000,0.210000,1.001806
0.570000,0.210000,1.001670
0.590000,0.210000,1.001484
0.610000,0.210000,1.001269
0.630000,0.210000,1.001044
0.650000,0.210000,1.000826
0.670000,0.210000,1.000629
0.690000,0.210000,1.000461
0.710000,0.210000,1.000325
0.730000,0.210000,1.000220
0.750000,0.210000,1.000144
0.770000,0.210000,1.000090
0.790000,0.210000,1.000055
0.810000,0.210000,1.000032
0.830000,0.210000,1.000018
0.850000,0.210000,1.000010
0.870000,0.210000,1.000005
0.890000,0.210000,1.000002
0.910000,0.210000,1.000001
0.930000,0.210000,1.000001
0.950000,0.210000,1.000000
0.970000,0.210000,1.000000
0.990000,0.210000,1.000000
1.010000,0.210000,1.000000
-0.010000,0.230000,1.000000
0.010000,0.230000,1.000000
0.030000,0.230000,1.000000
0.050000,0.230000,1.000000
0.070000,0.230000,1.000000
0.090000,0.230000,1.000000
0.110000,0.230000,1.000001
0.130000,0.230000,1.000002
0.150000,0.230000,1.000004
0.170000,0.230000,1.000007
0.190000,0.230000,1.000014
0.210000,0.230000,1.000027
0.230000,0.230000,1.000049
0.250000,0.230000,1.000085
0.270000,0.230000,1.000142
0.290000,0.230000,1.000228
0.310000,0.230000,1.000351
0.330000,0.230000,1.000520
0.350000,0.230000,1.000741
0.370000,0.230000,1.001013
0.390000,0.230000,1.001332
0.410000,0.230000,1.001685
0.430000,0.230000,1.002048
0.450000,0.230000,1.002393
0.470000,0.230000,1.002690
0.490000,0.230000,1.002906
0.510000,0.230000,1.003020
0.530000,0.230000,1.003018
0.550000,0.230000,1.002901
0.570000,0.230000,1.002682
0.590000,0.230000,1.002384
0.610000,0.230000,1.002039
0.630000,0.230000,1.001677
0.650000,0.230000,1.001327
0.670000,0.230000,1.001011
0.690000,0.230000,1.000740
0.710000,0.230000,1.000522
0.730000,0.230000,1.000354
0.750000,0.230000,1.000231
0.770000,0.230000,1.000145
0.790000,0.230000,1.000088
0.810000,0.230000,1.000051
0.830000,0.230000,1.000029
0.850000,0.230000,1.000015
0.870000,0.230000,1.000008
0.890000,0.230000,1.000004
0.910000,0.230000,1.000002
0.930000,0.230000,1.000001
0.950000,0.230000,1.000000
0.970000,0.230000,1.000000
0.990000,0.230000,1.000000
1.010000,0.230000,1.000000
-0.010000,0.250000,1.000000
0.010000,0.250000,1.000000
0.030000,0.250000,1.000000
0.050000,0.250000,1.000000
0.070000,0.250000,1.000000
0.090000,0.250000,1.000001
0.110000,0.250000,1.000001
0.130000,0.250000,1.000003
0.150000,0.250000,1.000006
0.170000,0.250000,1.000011
0.190000,0.250000,1.000022
0.210000,0.250000,1.000042
0.230000,0.250000,1.000076
0.250000,0.250000,1.000131
0.270000,0.250000,1.000219
0.290000,0.250000,1.000350
0.310000,0.250000,1.000540
0.330000,0.250000,1.000799
0.350000,0.250000,1.001138
0.370000,0.250000,1.001556
0.390000,0.250000,1.002047
0.410000,0.250000,1.002588
0.430000,0.250000,1.003145
0.450000,0.250000,1.003676
0.470000,0.250000,1.004132
0.490000,0.250000,1.004465
0.510000,0.250000,1.004640
0.530000,0.250000,1.004638
0.550000,0.250000,1.004457
0.570000,0.250000,1.004121
0.590000,0.250000,1.003664
0.610000,0.250000,1.003133
0.630000,0.250000,1.002577
0.650000,0.250000,1.002040
0.670000,0.250000,1.001553
0.690000,0.250000,1.001138
0.710000,0.250000,1.000802
0.730000,0.250000,1.000544
0.750000,0.250000,1.000355
0.770000,0.250000,1.000223
0.790000,0.250000,1.000135
0.810000,0.250000,1.000079
0.830000,0.250000,1.000044
0.850000,0.250000,1.000024
0.870000,0.250000,1.000012
0.890000,0.250000,1.000006
0.910000,0.250000,1.000003
0.930000,0.250000,1.000001
0.950000,0.250000,1.000001
0.970000,0.250000,1.000000
0.990000,0.250000,1.000000
1.010000,0.250000,1.000000
-0.010000,0.270000,1.000000
0.010000,0.270000,1.000000
0.030000,0.270000,1.000000
0.050000,0.270000,1.000000
0.070000,0.270000,1.000000
0.090000,0.270000,1.000001
0.110000,0.270000,1.000002
0.130000,0.270000,1.000004
0.150000,0.270000,1.000008
0.170000,0.270000,1.000017
0.190000,0.270000,1.000033
0.210000,0.270000,1.000061
0.230000,0.270000,1.000111
0.250000,0.270000,1.000192
0.270000,0.270000,1.000321
0.290000,0.270000,1.000515
0.310000,0.270000,1.000793
0.330000,0.270000,1.001173
0.350000,0.270000,1.001670
0.370000,0.270000,1.002284
0.390000,0.270000,1.003004
0.410000,0.270000,1.003798
0.430000,0.270000,1.004617
0.450000,0.270000,1.005397
0.470000,0.270000,1.006065
0.490000,0.270000,1.006555
0.510000,0.270000,1.006813
0.530000,0.270000,1.006810
0.550000,0.270000,1.006546
0.570000,0.270000,1.006051
0.590000,0.270000,1.005380
0.610000,0.270000,1.004601
0.630000,0.270000,1.003785
0.650000,0.270000,1.002996
0.670000,0.270000,1.002281
0.690000,0.270000,1.001671
0.710000,0.270000,1.001177
0.730000,0.270000,1.000799
0.750000,0.270000,1.000521
0.770000,0.270000,1.000327
0.790000,0.270000,1.000198
0.810000,0.270000,1.000115
0.830000,0.270000,1.000065
0.850000,0.270000,1.000035
0.870000,0.270000,1.000018
0.890000,0.270000,1.000009
0.910000,0.270000,1.000004
0.930000,0.270000,1.000002
0.950000,0.270000,1.000001
0.970000,0.270000,1.000000
0.990000,0.270000,1.000000
1.010000,0.270000,1.000000
-0.010000,0.290000,1.000000
0.010000,0.290000,1.000000
0.030000,0.290000,1.000000
0.050000,0.290000,1.000000
0.070000,0.290000,1.000000
0.090000,0.290000,1.000001
0.110000,0.290000,1.000002
0.130000,0.290000,1.000005
0.150000,0.290000,1.000011
0.170000,0.290000,1.000023
0.190000,0.290000,1.000046
0.210000,0.290000,1.000086
0.230000,0.290000,1.000155
0.250000,0.290000,1.000270
0.270000,0.290000,1.000450
0.290000,0.290000,1.000721
0.310000,0.290000,1.001111
0.330000,0.290000,1.001644
0.350000,0.290000,1.002340
0.370000,0.290000,1.003201
0.390000,0.290000,1.004209
0.410000,0.290000,1.005322
0.430000,0.290000,1.006469
0.450000,0.290000,1.007562
0.470000,0.290000,1.008499
0.490000,0.290000,1.009186
0.510000,0.290000,1.009549
0.530000,0.290000,1.009545
0.550000,0.290000,1.009176
0.570000,0.290000,1.008484
0.590000,0.290000,1.007544
0.610000,0.290000,1.006452
0.630000,0.290000,1.005307
0.650000,0.290000,1.004200
0.670000,0.290000,1.003197
0.690000,0.290000,1.002342
0.710000,0.290000,1.001651
0.730000,0.290000,1.001120
0.750000,0.290000,1.000731
0.770000,0.290000,1.000459
0.790000,0.290000,1.000278
0.810000,0.290000,1.000162
0.830000,0.290000,1.000091
0.850000,0.290000,1.000049
0.870000,0.290000,1.000025
0.890000,0.290000,1.000013
0.910000,0.290000,1.000006
0.930000,0.290000,1.000003
0.950000,0.290000,1.000001
0.970000,0.290000,1.000001
0.990000,0.290000,1.000000
1.010000,0.290000,1.000000
-0.010000,0.310000,1.000000
0.010000,0.310000,1.000000
0.030000,0.310000,1.000000
0.050000,0.310000,1.000000
0.070000,0.310000,1.000001
0.090000,0.310000,1.000001
0.110000,0.310000,1.000003
0.130000,0.310000,1.000007
0.150000,0.310000,1.000015
0.170000,0.310000,1.000031
0.190000,0.310000,1.000061
0.210000,0.310000,1.000115
0.230000,0.310000,1.000208
0.250000,0.310000,1.000360
0.270000,0.310000,1.000601
0.290000,0.310000,1.000963
0.310000,0.310000,1.001483
0.330000,0.310000,1.002196
0.350000,0.310000,1.003125
0.370000,0.310000,1.004275
0.390000,0.310000,1.005621
0.410000,0.310000,1.007107
0.430000,0.310000,1.008639
0.450000,0.310000,1.010098
0.470000,0.310000,1.011351
0.490000,0.310000,1.012270
0.510000,0.310000,1.012756
0.530000,0.310000,1.012752
0.550000,0.310000,1.012260
0.570000,0.310000,1.011336
0.590000,0.310000,1.010081
0.610000,0.310000,1.008622
0.630000,0.310000,1.007093
0.650000,0.310000,1.005613
0.670000,0.310000,1.004273
0.690000,0.310000,1.003129
0.710000,0.310000,1.002206
0.730000,0.310000,1.001496
0.750000,0.310000,1.000976
0.770000,0.310000,1.000613
0.790000,0.310000,1.000371
0.810000,0.310000,1.000216
0.830000,0.310000,1.000121
0.850000,0.310000,1.000065
0.870000,0.310000,1.000034
0.890000,0.310000,1.000017
0.910000,0.310000,1.000008
0.930000,0.310000,1.000004
0.950000,0.310000,1.000002
0.970000,0.310000,1.000001
0.990000,0.310000,1.000000
1.010000,0.310000,1.000000
-0.010000,0.330000,1.000000
0.010000,0.330000,1.000000
0.030000,0.330000,1.000000
0.050000,0.330000,1.000000
0.070000,0.330000,1.000001
0.090000,0.330000,1.000002
0.110000,0.330000,1.000004
0.130000,0.330000,1.000009
0.150000,0.330000,1.000020
0.170000,0.330000,1.000040
0.190000,0.330000,1.000078
0.210000,0.330000,1.000146
0.230000,0.330000,1.000264
0.250000,0.330000,1.000458
0.270000,0.330000,1.000763
0.290000,0.330000,1.001224
0.310000,0.330000,1.001885
0.330000,0.330000,1.002790
0.350000,0.330000,1.003970
0.370000,0.330000,1.005430
0.390000,0.330000,1.007140
0.410000,0.330000,1.009027
0.430000,0.330000,1.010973
0.450000,0.330000,1.012827
0.470000,0.330000,1.014419
0.490000,0.330000,1.015589
0.510000,0.330000,1.016207
0.530000,0.330000,1.016205
0.550000,0.330000,1.015582
0.570000,0.330000,1.014409
0.590000,0.330000,1.012814
0.610000,0.330000,1.010960
0.630000,0.330000,1.009016
0.650000,0.330000,1.007134
0.670000,0.330000,1.005431
0.690000,0.330000,1.003978
0.710000,0.330000,1.002803
0.730000,0.330000,1.001901
0.750000,0.330000,1.001241
0.770000,0.330000,1.000779
0.790000,0.330000,1.000471
0.810000,0.330000,1.000274
0.830000,0.330000,1.000154
0.850000,0.330000,1.000083
0.870000,0.330000,1.000043
0.890000,0.330000,1.000022
0.910000,0.330000,1.000010
0.930000,0.330000,1.000005
0.950000,0.330000,1.000002
0.970000,0.330000,1.000001
0.990000,0.330000,1.000000
1.010000,0.330000,1.000000
-0.010000,0.350000,1.000000
0.010000,0.350000,1.000000
0.030000,0.350000,1.000000
0.050000,0.350000,1.000000
0.070000,0.350000,1.000001
0.090000,0.350000,1.000002
0.110000,0.350000,1.000005
0.130000,0.350000,1.000011
0.150000,0.350000,1.000024
0.170000,0.350000,1.000048
0.190000,0.350000,1.000094
0.210000,0.350000,1.000176
0.230000,0.350000,1.000318
0.250000,0.350000,1.000552
0.270000,0.350000,1.000920
0.290000,0.350000,1.001474
0.310000,0.350000,1.002271
0.330000,0.350000,1.003362
0.350000,0.350000,1.004783
0.370000,0.350000,1.006542
0.390000,0.350000,1.008602
0.410000,0.350000,1.010875
0.430000,0.350000,1.013220
0.450000,0.350000,1.015454
0.470000,0.350000,1.017374
0.490000,0.350000,1.018785
0.510000,0.350000,1.019532
0.530000,0.350000,1.019532
0.550000,0.350000,1.018783
0.570000,0.350000,1.017371
0.590000,0.350000,1.015449
0.610000,0.350000,1.013214
0.630000,0.350000,1.010870
0.650000,0.350000,1.008602
0.670000,0.350000,1.006548
0.690000,0.350000,1.004795
0.710000,0.350000,1.003379
0.730000,0.350000,1.002291
0.750000,0.350000,1.001495
0.770000,0.350000,1.000939
0.790000,0.350000,1.000568
0.810000,0.350000,1.000331
0.830000,0.350000,1.000185
0.850000,0.350000,1.000100
0.870000,0.350000,1.000052
0.890000,0.350000,1.000026
0.910000,0.350000,1.000012
0.930000,0.350000,1.000006
0.950000,0.350000,1.000003
0.970000,0.350000,1.000001
0.990000,0.350000,1.000001
1.010000,0.350000,0.999999
-0.010000,0.370000,1.000000
0.010000,0.370000,1.000000
0.030000,0.370000,1.000000
0.050000,0.370000,1.000000
0.070000,0.370000,1.000001
0.090000,0.370000,1.000002
0.110000,0.370000,1.000006
0.130000,0.370000,1.000013
0.150000,0.370000,1.000027
0.170000,0.370000,1.000054
0.190000,0.370000,1.000107
0.210000,0.370000,1.000200
0.230000,0.370000,1.000362
0.250000,0.370000,1.000628
0.270000,0.370000,1.001047
0.290000,0.370000,1.001679
0.310000,0.370000,1.002585
0.330000,0.370000,1.003827
0.350000,0.370000,1.005445
0.370000,0.370000,1.007447
0.390000,0.370000,1.009791
0.410000,0.370000,1.012378
0.430000,0.370000,1.015047
0.450000,0.370000,1.017591
0.470000,0.370000,1.019778
0.490000,0.370000,1.021385
0.510000,0.370000,1.022238
0.530000,0.370000,1.022240
0.550000,0.370000,1.021390
0.570000,0.370000,1.019783
0.590000,0.370000,1.017595
0.610000,0.370000,1.015050
0.630000,0.370000,1.012381
0.650000,0.370000,1.009796
0.670000,0.370000,1.007457
0.690000,0.370000,1.005461
0.710000,0.370000,1.003848
0.730000,0.370000,1.002609
0.750000,0.370000,1.001703
0.770000,0.370000,1.001069
0.790000,0.370000,1.000647
0.810000,0.370000,1.000376
0.830000,0.370000,1.000211
0.850000,0.370000,1.000114
0.870000,0.370000,1.000059
0.890000,0.370000,1.000030
0.910000,0.370000,1.000014
0.930000,0.370000,1.000007
0.950000,0.370000,1.000003
0.970000,0.370000,1.000001
0.990000,0.370000,1.000001
1.010000,0.370000,0.999999
-0.010000,0.390000,1.000000
0.010000,0.390000,1.000000
0.030000,0.390000,1.000000
0.050000,0.390000,1.000000
0.070000,0.390000,1.000001
0.090000,0.390000,1.000003
0.110000,0.390000,1.000006
0.130000,0.390000,1.000014
0.150000,0.390000,1.000029
0.170000,0.390000,1.000058
0.190000,0.390000,1.000114
0.210000,0.390000,1.000214
0.230000,0.390000,1.000387
0.250000,0.390000,1.000671
0.270000,0.390000,1.001120
0.290000,0.390000,1.001795
0.310000,0.390000,1.002764
0.330000,0.390000,1.004091
0.350000,0.390000,1.005820
0.370000,0.390000,1.007960
0.390000,0.390000,1.010466
0.410000,0.390000,1.013232
0.430000,0.390000,1.016085
0.450000,0.390000,1.018805
0.470000,0.390000,1.021143
0.490000,0.390000,1.022862
0.510000,0.390000,1.023776
0.530000,0.390000,1.023779
0.550000,0.390000,1.022871
0.570000,0.390000,1.021153
0.590000,0.390000,1.018815
0.610000,0.390000,1.016093
0.630000,0.390000,1.013239
0.650000,0.390000,1.010476
0.670000,0.390000,1.007974
0.690000,0.390000,1.005839
0.710000,0.390000,1.004114
0.730000,0.390000,1.002790
0.750000,0.390000,1.001821
0.770000,0.390000,1.001143
0.790000,0.390000,1.000691
0.810000,0.390000,1.000402
0.830000,0.390000,1.000225
0.850000,0.390000,1.000122
0.870000,0.390000,1.000063
0.890000,0.390000,1.000032
0.910000,0.390000,1.000015
0.930000,0.390000,1.000007
0.950000,0.390000,1.000003
0.970000,0.390000,1.000001
0.990000,0.390000,1.000001
1.010000,0.390000,0.999999
-0.010000,0.410000,1.000000
0.010000,0.410000,1.000000
0.030000,0.410000,1.000000
0.050000,0.410000,1.000000
0.070000,0.410000,1.000001
0.090000,0.410000,1.000003
0.110000,0.410000,1.000006
0.130000,0.410000,1.000013
0.150000,0.410000,1.000028
0.170000,0.410000,1.000058
0.190000,0.410000,1.000113
0.210000,0.410000,1.000213
0.230000,0.410000,1.000385
0.250000,0.410000,1.000668
0.270000,0.410000,1.001113
0.290000,0.410000,1.001784
0.310000,0.410000,1.002748
0.330000,0.410000,1.004068
0.350000,0.410000,1.005787
0.370000,0.410000,1.007915
0.390000,0.410000,1.010407
0.410000,0.410000,1.013156
0.430000,0.410000,1.015994
0.450000,0.410000,1.018698
0.470000,0.410000,1.021022
0.490000,0.410000,1.022732
0.510000,0.410000,1.023640
0.530000,0.410000,1.023643
0.550000,0.410000,1.022740
0.570000,0.410000,1.021033
0.590000,0.410000,1.018707
0.610000,0.410000,1.016001
0.630000,0.410000,1.013163
0.650000,0.410000,1.010416
0.670000,0.410000,1.007928
0.690000,0.410000,1.005806
0.710000,0.410000,1.004091
0.730000,0.410000,1.002774
0.750000,0.410000,1.001810
0.770000,0.410000,1.001137
0.790000,0.410000,1.000687
0.810000,0.410000,1.000400
0.830000,0.410000,1.000224
0.850000,0.410000,1.000121
0.870000,0.410000,1.000063
0.890000,0.410000,1.000031
0.910000,0.410000,1.000015
0.930000,0.410000,1.000007
0.950000,0.410000,1.000003
0.970000,0.410000,1.000001
0.990000,0.410000,1.000001
1.010000,0.410000,0.999999
-0.010000,0.430000,1.000000
0.010000,0.430000,1.000000
0.030000,0.430000,1.000000
0.050000,0.430000,1.000000
0.070000,0.430000,1.000001
0.090000,0.430000,1.000002
0.110000,0.430000,1.000006
0.130000,0.430000,1.000012
0.150000,0.430000,1.000026
0.170000,0.430000,1.000053
0.190000,0.430000,1.000103
0.210000,0.430000,1.000194
0.230000,0.430000,1.000350
0.250000,0.430000,1.000607
0.270000,0.430000,1.001012
0.290000,0.430000,1.001622
0.310000,0.430000,1.002498
0.330000,0.430000,1.003698
0.350000,0.430000,1.005262
0.370000,0.430000,1.007197
0.390000,0.430000,1.009462
0.410000,0.430000,1.011963
0.430000,0.430000,1.014542
0.450000,0.430000,1.017001
0.470000,0.430000,1.019114
0.490000,0.430000,1.020667
0.510000,0.430000,1.021491
0.530000,0.430000,1.021492
0.550000,0.430000,1.020670
0.570000,0.430000,1.019117
0.590000,0.430000,1.017002
0.610000,0.430000,1.014543
0.630000,0.430000,1.011963
0.650000,0.430000,1.009466
0.670000,0.430000,1.007206
0.690000,0.430000,1.005277
0.710000,0.430000,1.003718
0.730000,0.430000,1.002521
0.750000,0.430000,1.001645
0.770000,0.430000,1.001033
0.790000,0.430000,1.000625
0.810000,0.430000,1.000364
0.830000,0.430000,1.000204
0.850000,0.430000,1.000110
0.870000,0.430000,1.000057
0.890000,0.430000,1.000029
0.910000,0.430000,1.000014
0.930000,0.430000,1.000006
0.950000,0.430000,1.000003
0.970000,0.430000,1.000001
0.990000,0.430000,1.000001
1.010000,0.430000,0.999999
-0.010000,0.450000,1.000000
0.010000,0.450000,1.000000
0.030000,0.450000,1.000000
0.050000,0.450000,1.000000
0.070000,0.450000,1.000001
0.090000,0.450000,1.000002
0.110000,0.450000,1.000004
0.130000,0.450000,1.000010
0.150000,0.450000,1.000021
0.170000,0.450000,1.000042
0.190000,0.450000,1.000083
0.210000,0.450000,1.000155
0.230000,0.450000,1.000281
0.250000,0.450000,1.000487
0.270000,0.450000,1.000813
0.290000,0.450000,1.001303
0.310000,0.450000,1.002006
0.330000,0.450000,1.002970
0.350000,0.450000,1.004226
0.370000,0.450000,1.005781
0.390000,0.450000,1.007601
0.410000,0.450000,1.009610
0.430000,0.450000,1.011682
0.450000,0.450000,1.013656
0.470000,0.450000,1.015352
0.490000,0.450000,1.016597
0.510000,0.450000,1.017257
0.530000,0.450000,1.017255
0.550000,0.450000,1.016593
0.570000,0.450000,1.015344
0.590000,0.450000,1.013646
0.610000,0.450000,1.011672
0.630000,0.450000,1.009601
0.650000,0.450000,1.007597
0.670000,0.450000,1.005783
0.690000,0.450000,1.004236
0.710000,0.450000,1.002985
0.730000,0.450000,1.002024
0.750000,0.450000,1.001321
0.770000,0.450000,1.000830
0.790000,0.450000,1.000502
0.810000,0.450000,1.000292
0.830000,0.450000,1.000164
0.850000,0.450000,1.000088
0.870000,0.450000,1.000046
0.890000,0.450000,1.000023
0.910000,0.450000,1.000011
0.930000,0.450000,1.000005
0.950000,0.450000,1.000002
0.970000,0.450000,1.000001
0.990000,0.450000,1.000000
1.010000,0.450000,1.000000
-0.010000,0.470000,1.000000
0.010000,0.470000,1.000000
0.030000,0.470000,1.000000
0.050000,0.470000,1.000000
0.070000,0.470000,1.000001
0.090000,0.470000,1.000001
0.110000,0.470000,1.000003
0.130000,0.470000,1.000006
0.150000,0.470000,1.000013
0.170000,0.470000,1.000027
0.190000,0.470000,1.000054
0.210000,0.470000,1.000101
0.230000,0.470000,1.000182
0.250000,0.470000,1.000316
0.270000,0.470000,1.000527
0.290000,0.470000,1.000845
0.310000,0.470000,1.001302
0.330000,0.470000,1.001927
0.350000,0.470000,1.002743
0.370000,0.470000,1.003752
0.390000,0.470000,1.004934
0.410000,0.470000,1.006237
0.430000,0.470000,1.007582
0.450000,0.470000,1.008863
0.470000,0.470000,1.009963
0.490000,0.470000,1.010769
0.510000,0.470000,1.011195
0.530000,0.470000,1.011192
0.550000,0.470000,1.010760
0.570000,0.470000,1.009949
0.590000,0.470000,1.008847
0.610000,0.470000,1.007566
0.630000,0.470000,1.006224
0.650000,0.470000,1.004925
0.670000,0.470000,1.003750
0.690000,0.470000,1.002746
0.710000,0.470000,1.001935
0.730000,0.470000,1.001313
0.750000,0.470000,1.000857
0.770000,0.470000,1.000538
0.790000,0.470000,1.000325
0.810000,0.470000,1.000189
0.830000,0.470000,1.000106
0.850000,0.470000,1.000057
0.870000,0.470000,1.000030
0.890000,0.470000,1.000015
0.910000,0.470000,1.000007
0.930000,0.470000,1.000003
0.950000,0.470000,1.000001
0.970000,0.470000,1.000001
0.990000,0.470000,1.000000
1.010000,0.470000,1.000000
-0.010000,0.490000,1.000000
0.010000,0.490000,1.000000
0.030000,0.490000,1.000000
0.050000,0.490000,1.000000
0.070000,0.490000,1.000000
0.090000,0.490000,1.000000
0.110000,0.490000,1.000001
0.130000,0.490000,1.000002
0.150000,0.490000,1.000005
0.170000,0.490000,1.000010
0.190000,0.490000,1.000019
0.210000,0.490000,1.000035
0.230000,0.490000,1.000063
0.250000,0.490000,1.000110
0.270000,0.490000,1.000183
0.290000,0.490000,1.000293
0.310000,0.490000,1.000451
0.330000,0.490000,1.000668
0.350000,0.490000,1.000951
0.370000,0.490000,1.001301
0.390000,0.490000,1.001711
0.410000,0.490000,1.002163
0.430000,0.490000,1.002629
0.450000,0.490000,1.003073
0.470000,0.490000,1.003454
0.490000,0.490000,1.003733
0.510000,0.490000,1.003880
0.530000,0.490000,1.003879
0.550000,0.490000,1.003729
0.570000,0.490000,1.003447
0.590000,0.490000,1.003065
0.610000,0.490000,1.002621
0.630000,0.490000,1.002156
0.650000,0.490000,1.001706
0.670000,0.490000,1.001299
0.690000,0.490000,1.000952
0.710000,0.490000,1.000671
0.730000,0.490000,1.000455
0.750000,0.490000,1.000297
0.770000,0.490000,1.000186
0.790000,0.490000,1.000113
0.810000,0.490000,1.000066
0.830000,0.490000,1.000037
0.850000,0.490000,1.000020
0.870000,0.490000,1.000010
0.890000,0.490000,1.000005
0.910000,0.490000,1.000002
0.930000,0.490000,1.000001
0.950000,0.490000,1.000001
0.970000,0.490000,1.000000
0.990000,0.490000,1.000000
1.010000,0.490000,1.000000
-0.010000,0.510000,1.000000
0.010000,0.510000,1.000000
0.030000,0.510000,1.000000
0.050000,0.510000,1.000000
0.070000,0.510000,1.000000
0.090000,0.510000,1.000000
0.110000,0.510000,0.999999
0.130000,0.510000,0.999998
0.150000,0.510000,0.999995
0.170000,0.510000,0.999990
0.190000,0.510000,0.999981
0.210000,0.510000,0.999965
0.230000,0.510000,0.999937
0.250000,0.510000,0.999890
0.270000,0.510000,0.999817
0.290000,0.510000,0.999707
0.310000,0.510000,0.999548
0.330000,0.510000,0.999331
0.350000,0.510000,0.999048
0.370000,0.510000,0.998697
0.390000,0.510000,0.998286
0.410000,0.510000,0.997833
0.430000,0.510000,0.997365
0.450000,0.510000,0.996921
0.470000,0.510000,0.996541
0.490000,0.510000,0.996263
0.510000,0.510000,0.996119
0.530000,0.510000,0.996123
0.550000,0.510000,0.996275
0.570000,0.510000,0.996558
0.590000,0.510000,0.996941
0.610000,0.510000,0.997384
0.630000,0.510000,0.997848
0.650000,0.510000,0.998297
0.670000,0.510000,0.998703
0.690000,0.510000,0.999050
0.710000,0.510000,0.999330
0.730000,0.510000,0.999546
0.750000,0.510000,0.999703
0.770000,0.510000,0.999814
0.790000,0.510000,0.999887
0.810000,0.510000,0.999934
0.830000,0.510000,0.999963
0.850000,0.510000,0.999980
0.870000,0.510000,0.999990
0.890000,0.510000,0.999995
0.910000,0.510000,0.999998
0.930000,0.510000,0.999999
0.950000,0.510000,0.999999
0.970000,0.510000,1.000000
0.990000,0.510000,1.000000
1.010000,0.510000,1.000000
-0.010000,0.530000,1.000000
0.010000,0.530000,1.000000
0.030000,0.530000,1.000000
0.050000,0.530000,1.000000
0.070000,0.530000,0.999999
0.090000,0.530000,0.999999
0.110000,0.530000,0.999997
0.130000,0.530000,0.999994
0.150000,0.530000,0.999987
0.170000,0.530000,0.999973
0.190000,0.530000,0.999946
0.210000,0.530000,0.999899
0.230000,0.530000,0.999818
0.250000,0.530000,0.999684
0.270000,0.530000,0.999472
0.290000,0.530000,0.999154
0.310000,0.530000,0.998696
0.330000,0.530000,0.998069
0.350000,0.530000,0.997251
0.370000,0.530000,0.996239
0.390000,0.530000,0.995052
0.410000,0.530000,0.993744
0.430000,0.530000,0.992395
0.450000,0.530000,0.991113
0.470000,0.530000,0.990017
0.490000,0.530000,0.989217
0.510000,0.530000,0.988801
0.530000,0.530000,0.988814
0.550000,0.530000,0.989255
0.570000,0.530000,0.990072
0.590000,0.530000,0.991176
0.610000,0.530000,0.992456
0.630000,0.530000,0.993794
0.650000,0.530000,0.995088
0.670000,0.530000,0.996260
0.690000,0.530000,0.997259
0.710000,0.530000,0.998068
0.730000,0.530000,0.998689
0.750000,0.530000,0.999144
0.770000,0.530000,0.999462
0.790000,0.530000,0.999675
0.810000,0.530000,0.999811
0.830000,0.530000,0.999894
0.850000,0.530000,0.999943
0.870000,0.530000,0.999970
0.890000,0.530000,0.999985
0.910000,0.530000,0.999993
0.930000,0.530000,0.999997
0.950000,0.530000,0.999999
0.970000,0.530000,0.999999
0.990000,0.530000,1.000000
1.010000,0.530000,1.000000
-0.010000,0.550000,1.000000
0.010000,0.550000,1.000000
0.030000,0.550000,1.000000
0.050000,0.550000,1.000000
0.070000,0.550000,0.999999
0.090000,0.550000,0.999998
0.110000,0.550000,0.999996
0.130000,0.550000,0.999990
0.150000,0.550000,0.999979
0.170000,0.550000,0.999958
0.190000,0.550000,0.999917
0.210000,0.550000,0.999844
0.230000,0.550000,0.999719
0.250000,0.550000,0.999512
0.270000,0.550000,0.999186
0.290000,0.550000,0.998696
0.310000,0.550000,0.997990
0.330000,0.550000,0.997022
0.350000,0.550000,0.995761
0.370000,0.550000,0.994198
0.390000,0.550000,0.992368
0.410000,0.550000,0.990349
0.430000,0.550000,0.988269
0.450000,0.550000,0.986293
0.470000,0.550000,0.984603
0.490000,0.550000,0.983372
0.510000,0.550000,0.982733
0.530000,0.550000,0.982758
0.550000,0.550000,0.983441
0.570000,0.550000,0.984702
0.590000,0.550000,0.986405
0.610000,0.550000,0.988376
0.630000,0.550000,0.990438
0.650000,0.550000,0.992432
0.670000,0.550000,0.994237
0.690000,0.550000,0.995777
0.710000,0.550000,0.997022
0.730000,0.550000,0.997980
0.750000,0.550000,0.998681
0.770000,0.550000,0.999171
0.790000,0.550000,0.999499
0.810000,0.550000,0.999708
0.830000,0.550000,0.999836
0.850000,0.550000,0.999912
0.870000,0.550000,0.999954
0.890000,0.550000,0.999977
0.910000,0.550000,0.999989
0.930000,0.550000,0.999995
0.950000,0.550000,0.999998
0.970000,0.550000,0.999999
0.990000,0.550000,1.000000
1.010000,0.550000,1.000000
-0.010000,0.570000,1.000000
0.010000,0.570000,1.000000
0.030000,0.570000,1.000000
0.050000,0.570000,1.000000
0.070000,0.570000,0.999999
0.090000,0.570000,0.999998
0.110000,0.570000,0.999994
0.130000,0.570000,0.999988
0.150000,0.570000,0.999974
0.170000,0.570000,0.999947
0.190000,0.570000,0.999897
0.210000,0.570000,0.999806
0.230000,0.570000,0.999650
0.250000,0.570000,0.999393
0.270000,0.570000,0.998987
0.290000,0.570000,0.998375
0.310000,0.570000,0.997496
0.330000,0.570000,0.996291
0.350000,0.570000,0.994718
0.370000,0.570000,0.992771
0.390000,0.570000,0.990490
0.410000,0.570000,0.987975
0.430000,0.570000,0.985383
0.450000,0.570000,0.982921
0.470000,0.570000,0.980818
0.490000,0.570000,0.979286
0.510000,0.570000,0.978494
0.530000,0.570000,0.978528
0.550000,0.570000,0.979381
0.570000,0.570000,0.980954
0.590000,0.570000,0.983075
0.610000,0.570000,0.985530
0.630000,0.570000,0.988097
0.650000,0.570000,0.990579
0.670000,0.570000,0.992825
0.690000,0.570000,0.994742
0.710000,0.570000,0.996292
0.730000,0.570000,0.997484
0.750000,0.570000,0.998357
0.770000,0.570000,0.998968
0.790000,0.570000,0.999376
0.810000,0.570000,0.999637
0.830000,0.570000,0.999796
0.850000,0.570000,0.999890
0.870000,0.570000,0.999943
0.890000,0.570000,0.999971
0.910000,0.570000,0.999986
0.930000,0.570000,0.999994
0.950000,0.570000,0.999997
0.970000,0.570000,0.999999
0.990000,0.570000,0.999999
1.010000,0.570000,1.000001
-0.010000,0.590000,1.000000
0.010000,0.590000,1.000000
0.030000,0.590000,1.000000
0.050000,0.590000,1.000000
0.070000,0.590000,0.999999
0.090000,0.590000,0.999997
0.110000,0.590000,0.999994
0.130000,0.590000,0.999987
0.150000,0.590000,0.999972
0.170000,0.590000,0.999942
0.190000,0.590000,0.999887
0.210000,0.590000,0.999787
0.230000,0.590000,0.999615
0.250000,0.590000,0.999332
0.270000,0.590000,0.998885
0.290000,0.590000,0.998212
0.310000,0.590000,0.997245
0.330000,0.590000,0.995919
0.350000,0.590000,0.994189
0.370000,0.590000,0.992046
0.390000,0.590000,0.989536
0.410000,0.590000,0.986768
0.430000,0.590000,0.983917
0.450000,0.590000,0.981209
0.470000,0.590000,0.978895
0.490000,0.590000,0.977212
0.510000,0.590000,0.976342
0.530000,0.590000,0.976381
0.550000,0.590000,0.977321
0.570000,0.590000,0.979052
0.590000,0.590000,0.981386
0.610000,0.590000,0.984086
0.630000,0.590000,0.986909
0.650000,0.590000,0.989638
0.670000,0.590000,0.992109
0.690000,0.590000,0.994217
0.710000,0.590000,0.995922
0.730000,0.590000,0.997233
0.750000,0.590000,0.998193
0.770000,0.590000,0.998864
0.790000,0.590000,0.999313
0.810000,0.590000,0.999600
0.830000,0.590000,0.999776
0.850000,0.590000,0.999879
0.870000,0.590000,0.999937
0.890000,0.590000,0.999969
0.910000,0.590000,0.999985
0.930000,0.590000,0.999993
0.950000,0.590000,0.999997
0.970000,0.590000,0.999999
0.990000,0.590000,0.999999
1.010000,0.590000,1.000001
-0.010000,0.610000,1.000000
0.010000,0.610000,1.000000
0.030000,0.610000,1.000000
0.050000,0.610000,1.000000
0.070000,0.610000,0.999999
0.090000,0.610000,0.999997
0.110000,0.610000,0.999994
0.130000,0.610000,0.999986
0.150000,0.610000,0.999971
0.170000,0.610000,0.999942
0.190000,0.610000,0.999886
0.210000,0.610000,0.999786
0.230000,0.610000,0.999613
0.250000,0.610000,0.999328
0.270000,0.610000,0.998879
0.290000,0.610000,0.998202
0.310000,0.610000,0.997229
0.330000,0.610000,0.995895
0.350000,0.610000,0.994155
0.370000,0.610000,0.992001
0.390000,0.610000,0.989476
0.410000,0.610000,0.986692
0.430000,0.610000,0.983824
0.450000,0.610000,0.981101
0.470000,0.610000,0.978774
0.490000,0.610000,0.977081
0.510000,0.610000,0.976206
0.530000,0.610000,0.976245
0.550000,0.610000,0.977191
0.570000,0.610000,0.978932
0.590000,0.610000,0.981279
0.610000,0.610000,0.983995
0.630000,0.610000,0.986834
0.650000,0.610000,0.989579
0.670000,0.610000,0.992063
0.690000,0.610000,0.994184
0.710000,0.610000,0.995899
0.730000,0.610000,0.997217
0.750000,0.610000,0.998183
0.770000,0.610000,0.998858
0.790000,0.610000,0.999309
0.810000,0.610000,0.999598
0.830000,0.610000,0.999775
0.850000,0.610000,0.999878
0.870000,0.610000,0.999937
0.890000,0.610000,0.999968
0.910000,0.610000,0.999985
0.930000,0.610000,0.999993
0.950000,0.610000,0.999997
0.970000,0.610000,0.999999
0.990000,0.610000,0.999999
1.010000,0.610000,1.000001
-0.010000,0.630000,1.000000
0.010000,0.630000,1.000000
0.030000,0.630000,1.000000
0.050000,0.630000,1.000000
0.070000,0.630000,0.999999
0.090000,0.630000,0.999998
0.110000,0.630000,0.999994
0.130000,0.630000,0.999987
0.150000,0.630000,0.999973
0.170000,0.630000,0.999945
0.190000,0.630000,0.999893
0.210000,0.630000,0.999800
0.230000,0.630000,0.999638
0.250000,0.630000,0.999371
0.270000,0.630000,0.998951
0.290000,0.630000,0.998319
0.310000,0.630000,0.997409
0.330000,0.630000,0.996161
0.350000,0.630000,0.994534
0.370000,0.630000,0.992519
0.390000,0.630000,0.990159
0.410000,0.630000,0.987555
0.430000,0.630000,0.984873
0.450000,0.630000,0.982326
0.470000,0.630000,0.980149
0.490000,0.630000,0.978565
0.510000,0.630000,0.977746
0.530000,0.630000,0.977781
0.550000,0.630000,0.978664
0.570000,0.630000,0.980292
0.590000,0.630000,0.982487
0.610000,0.630000,0.985028
0.630000,0.630000,0.987684
0.650000,0.630000,0.990251
0.670000,0.630000,0.992576
0.690000,0.630000,0.994559
0.710000,0.630000,0.996163
0.730000,0.630000,0.997397
0.750000,0.630000,0.998300
0.770000,0.630000,0.998932
0.790000,0.630000,0.999354
0.810000,0.630000,0.999624
0.830000,0.630000,0.999789
0.850000,0.630000,0.999886
0.870000,0.630000,0.999941
0.890000,0.630000,0.999970
0.910000,0.630000,0.999986
0.930000,0.630000,0.999993
0.950000,0.630000,0.999997
0.970000,0.630000,0.999999
0.990000,0.630000,0.999999
1.010000,0.630000,1.000001
-0.010000,0.650000,1.000000
0.010000,0.650000,1.000000
0.030000,0.650000,1.000000
0.050000,0.650000,1.000000
0.070000,0.650000,0.999999
0.090000,0.650000,0.999998
0.110000,0.650000,0.999995
0.130000,0.650000,0.999989
0.150000,0.650000,0.999976
0.170000,0.650000,0.999952
0.190000,0.650000,0.999906
0.210000,0.650000,0.999824
0.230000,0.650000,0.999682
0.250000,0.650000,0.999448
0.270000,0.650000,0.999079
0.290000,0.650000,0.998523
0.310000,0.650000,0.997724
0.330000,0.650000,0.996629
0.350000,0.650000,0.995200
0.370000,0.650000,0.993431
0.390000,0.650000,0.991359
0.410000,0.650000,0.989073
0.430000,0.650000,0.986719
0.450000,0.650000,0.984482
0.470000,0.650000,0.982569
0.490000,0.650000,0.981177
0.510000,0.650000,0.980455
0.530000,0.650000,0.980484
0.550000,0.650000,0.981258
0.570000,0.650000,0.982687
0.590000,0.650000,0.984615
0.610000,0.650000,0.986846
0.630000,0.650000,0.989179
0.650000,0.650000,0.991436
0.670000,0.650000,0.993478
0.690000,0.650000,0.995220
0.710000,0.650000,0.996630
0.730000,0.650000,0.997713
0.750000,0.650000,0.998507
0.770000,0.650000,0.999062
0.790000,0.650000,0.999433
0.810000,0.650000,0.999670
0.830000,0.650000,0.999815
0.850000,0.650000,0.999900
0.870000,0.650000,0.999948
0.890000,0.650000,0.999974
0.910000,0.650000,0.999988
0.930000,0.650000,0.999994
0.950000,0.650000,0.999997
0.970000,0.650000,0.999999
0.990000,0.650000,0.999999
1.010000,0.650000,1.000001
-0.010000,0.670000,1.000000
0.010000,0.670000,1.000000
0.030000,0.670000,1.000000
0.050000,0.670000,1.000000
0.070000,0.670000,0.999999
0.090000,0.670000,0.999998
0.110000,0.670000,0.999996
0.130000,0.670000,0.999991
0.150000,0.670000,0.999980
0.170000,0.670000,0.999960
0.190000,0.670000,0.999922
0.210000,0.670000,0.999854
0.230000,0.670000,0.999736
0.250000,0.670000,0.999542
0.270000,0.670000,0.999236
0.290000,0.670000,0.998775
0.310000,0.670000,0.998112
0.330000,0.670000,0.997204
0.350000,0.670000,0.996019
0.370000,0.670000,0.994552
0.390000,0.670000,0.992833
0.410000,0.670000,0.990937
0.430000,0.670000,0.988984
0.450000,0.670000,0.987129
0.470000,0.670000,0.985541
0.490000,0.670000,0.984385
0.510000,0.670000,0.983784
0.530000,0.670000,0.983806
0.550000,0.670000,0.984447
0.570000,0.670000,0.985631
0.590000,0.670000,0.987230
0.610000,0.670000,0.989082
0.630000,0.670000,0.991018
0.650000,0.670000,0.992891
0.670000,0.670000,0.994586
0.690000,0.670000,0.996033
0.710000,0.670000,0.997203
0.730000,0.670000,0.998102
0.750000,0.670000,0.998761
0.770000,0.670000,0.999221
0.790000,0.670000,0.999529
0.810000,0.670000,0.999726
0.830000,0.670000,0.999846
0.850000,0.670000,0.999917
0.870000,0.670000,0.999957
0.890000,0.670000,0.999978
0.910000,0.670000,0.999990
0.930000,0.670000,0.999995
0.950000,0.670000,0.999998
0.970000,0.670000,0.999999
0.990000,0.670000,1.000000
1.010000,0.670000,1.000000
-0.010000,0.690000,1.000000
0.010000,0.690000,1.000000
0.030000,0.690000,1.000000
0.050000,0.690000,1.000000
0.070000,0.690000,0.999999
0.090000,0.690000,0.999999
0.110000,0.690000,0.999997
0.130000,0.690000,0.999993
0.150000,0.690000,0.999985
0.170000,0.690000,0.999969
0.190000,0.690000,0.999939
0.210000,0.690000,0.999885
0.230000,0.690000,0.999792
0.250000,0.690000,0.999640
0.270000,0.690000,0.999399
0.290000,0.690000,0.999036
0.310000,0.690000,0.998514
0.330000,0.690000,0.997800
0.350000,0.690000,0.996868
0.370000,0.690000,0.995714
0.390000,0.690000,0.994362
0.410000,0.690000,0.992871
0.430000,0.690000,0.991334
0.450000,0.690000,0.989874
0.470000,0.690000,0.988624
0.490000,0.690000,0.987713
0.510000,0.690000,0.987239
0.530000,0.690000,0.987255
0.550000,0.690000,0.987758
0.570000,0.690000,0.988689
0.590000,0.690000,0.989947
0.610000,0.690000,0.991404
0.630000,0.690000,0.992929
0.650000,0.690000,0.994403
0.670000,0.690000,0.995738
0.690000,0.690000,0.996877
0.710000,0.690000,0.997798
0.730000,0.690000,0.998506
0.750000,0.690000,0.999025
0.770000,0.690000,0.999387
0.790000,0.690000,0.999629
0.810000,0.690000,0.999784
0.830000,0.690000,0.999879
0.850000,0.690000,0.999935
0.870000,0.690000,0.999966
0.890000,0.690000,0.999983
0.910000,0.690000,0.999992
0.930000,0.690000,0.999996
0.950000,0.690000,0.999998
0.970000,0.690000,0.999999
0.990000,0.690000,1.000000
1.010000,0.690000,1.000000
-0.010000,0.710000,1.000000
0.010000,0.710000,1.000000
0.030000,0.710000,1.000000
0.050000,0.710000,1.000000
0.070000,0.710000,1.000000
0.090000,0.710000,0.999999
0.110000,0.710000,0.999998
0.130000,0.710000,0.999995
0.150000,0.710000,0.999989
0.170000,0.710000,0.999977
0.190000,0.710000,0.999954
0.210000,0.710000,0.999914
0.230000,0.710000,0.999845
0.250000,0.710000,0.999730
0.270000,0.710000,0.999550
0.290000,0.710000,0.999278
0.310000,0.710000,0.998888
0.330000,0.710000,0.998353
0.350000,0.710000,0.997656
0.370000,0.710000,0.996793
0.390000,0.710000,0.995781
0.410000,0.710000,0.994665
0.430000,0.710000,0.993516
0.450000,0.710000,0.992423
0.470000,0.710000,0.991487
0.490000,0.710000,0.990804
0.510000,0.710000,0.990448
0.530000,0.710000,0.990459
0.550000,0.710000,0.990834
0.570000,0.710000,0.991531
0.590000,0.710000,0.992472
0.610000,0.710000,0.993563
0.630000,0.710000,0.994705
0.650000,0.710000,0.995809
0.670000,0.710000,0.996809
0.690000,0.710000,0.997662
0.710000,0.710000,0.998352
0.730000,0.710000,0.998882
0.750000,0.710000,0.999270
0.770000,0.710000,0.999541
0.790000,0.710000,0.999723
0.810000,0.710000,0.999838
0.830000,0.710000,0.999909
0.850000,0.710000,0.999951
0.870000,0.710000,0.999975
0.890000,0.710000,0.999987
0.910000,0.710000,0.999994
0.930000,0.710000,0.999997
0.950000,0.710000,0.999999
0.970000,0.710000,0.999999
0.990000,0.710000,1.000000
1.010000,0.710000,1.000000
-0.010000,0.730000,1.000000
0.010000,0.730000,1.000000
0.030000,0.730000,1.000000
0.050000,0.730000,1.000000
0.070000,0.730000,1.000000
0.090000,0.730000,0.999999
0.110000,0.730000,0.999998
0.130000,0.730000,0.999996
0.150000,0.730000,0.999992
0.170000,0.730000,0.999983
0.190000,0.730000,0.999967
0.210000,0.730000,0.999939
0.230000,0.730000,0.999889
0.250000,0.730000,0.999807
0.270000,0.730000,0.999679
0.290000,0.730000,0.999485
0.310000,0.730000,0.999207
0.330000,0.730000,0.998825
0.350000,0.730000,0.998328
0.370000,0.730000,0.997712
0.390000,0.730000,0.996991
0.410000,0.730000,0.996195
0.430000,0.730000,0.995375
0.450000,0.730000,0.994595
0.470000,0.730000,0.993928
0.490000,0.730000,0.993440
0.510000,0.730000,0.993186
0.530000,0.730000,0.993193
0.550000,0.730000,0.993460
0.570000,0.730000,0.993956
0.590000,0.730000,0.994628
0.610000,0.730000,0.995406
0.630000,0.730000,0.996221
0.650000,0.730000,0.997009
0.670000,0.730000,0.997723
0.690000,0.730000,0.998331
0.710000,0.730000,0.998824
0.730000,0.730000,0.999202
0.750000,0.730000,0.999479
0.770000,0.730000,0.999673
0.790000,0.730000,0.999802
0.810000,0.730000,0.999885
0.830000,0.730000,0.999935
0.850000,0.730000,0.999965
0.870000,0.730000,0.999982
0.890000,0.730000,0.999991
0.910000,0.730000,0.999996
0.930000,0.730000,0.999998
0.950000,0.730000,0.999999
0.970000,0.730000,1.000000
0.990000,0.730000,1.000000
1.010000,0.730000,1.000000
-0.010000,0.750000,1.000000
0.010000,0.750000,1.000000
0.030000,0.750000,1.000000
0.050000,0.750000,1.000000
0.070000,0.750000,1.000000
0.090000,0.750000,0.999999
0.110000,0.750000,0.999999
0.130000,0.750000,0.999997
0.150000,0.750000,0.999994
0.170000,0.750000,0.999989
0.190000,0.750000,0.999978
0.210000,0.750000,0.999958
0.230000,0.750000,0.999924
0.250000,0.750000,0.999869
0.270000,0.750000,0.999781
0.290000,0.750000,0.999649
0.310000,0.750000,0.999460
0.330000,0.750000,0.999200
0.350000,0.750000,0.998861
0.370000,0.750000,0.998442
0.390000,0.750000,0.997951
0.410000,0.750000,0.997409
0.430000,0.750000,0.996851
0.450000,0.750000,0.996320
0.470000,0.750000,0.995865
0.490000,0.750000,0.995533
0.510000,0.750000,0.995359
0.530000,0.750000,0.995363
0.550000,0.750000,0.995545
0.570000,0.750000,0.995883
0.590000,0.750000,0.996340
0.610000,0.750000,0.996870
0.630000,0.750000,0.997426
0.650000,0.750000,0.997963
0.670000,0.750000,0.998449
0.690000,0.750000,0.998863
0.710000,0.750000,0.999199
0.730000,0.750000,0.999456
0.750000,0.750000,0.999645
0.770000,0.750000,0.999777
0.790000,0.750000,0.999865
0.810000,0.750000,0.999922
0.830000,0.750000,0.999956
0.850000,0.750000,0.999976
0.870000,0.750000,0.999988
0.890000,0.750000,0.999994
0.910000,0.750000,0.999997
0.930000,0.750000,0.999999
0.950000,0.750000,0.999999
0.970000,0.750000,1.000000
0.990000,0.750000,1.000000
1.010000,0.750000,1.000000
-0.010000,0.770000,1.000000
0.010000,0.770000,1.000000
0.030000,0.770000,1.000000
0.050000,0.770000,1.000000
0.070000,0.770000,1.000000
0.090000,0.770000,1.000000
0.110000,0.770000,0.999999
0.130000,0.770000,0.999998
0.150000,0.770000,0.999996
0.170000,0.770000,0.999993
0.190000,0.770000,0.999986
0.210000,0.770000,0.999973
0.230000,0.770000,0.999951
0.250000,0.770000,0.999915
0.270000,0.770000,0.999858
0.290000,0.770000,0.999772
0.310000,0.770000,0.999648
0.330000,0.770000,0.999479
0.350000,0.770000,0.999259
0.370000,0.770000,0.998986
0.390000,0.770000,0.998667
0.410000,0.770000,0.998314
0.430000,0.770000,0.997951
0.450000,0.770000,0.997605
0.470000,0.770000,0.997309
0.490000,0.770000,0.997093
0.510000,0.770000,0.996979
0.530000,0.770000,0.996982
0.550000,0.770000,0.997100
0.570000,0.770000,0.997320
0.590000,0.770000,0.997617
0.610000,0.770000,0.997963
0.630000,0.770000,0.998324
0.650000,0.770000,0.998674
0.670000,0.770000,0.998990
0.690000,0.770000,0.999260
0.710000,0.770000,0.999478
0.730000,0.770000,0.999646
0.750000,0.770000,0.999769
0.770000,0.770000,0.999855
0.790000,0.770000,0.999912
0.810000,0.770000,0.999949
0.830000,0.770000,0.999971
0.850000,0.770000,0.999985
0.870000,0.770000,0.999992
0.890000,0.770000,0.999996
0.910000,0.770000,0.999998
0.930000,0.770000,0.999999
0.950000,0.770000,1.000000
0.970000,0.770000,1.000000
0.990000,0.770000,1.000000
1.010000,0.770000,1.000000
-0.010000,0.790000,1.000000
0.010000,0.790000,1.000000
0.030000,0.790000,1.000000
0.050000,0.790000,1.000000
0.070000,0.790000,1.000000
0.090000,0.790000,1.000000
0.110000,0.790000,1.000000
0.130000,0.790000,0.999999
0.150000,0.790000,0.999998
0.170000,0.790000,0.999995
0.190000,0.790000,0.999991
0.210000,0.790000,0.999983
0.230000,0.790000,0.999969
0.250000,0.790000,0.999947
0.270000,0.790000,0.999911
0.290000,0.790000,0.999858
0.310000,0.790000,0.999781
0.330000,0.790000,0.999676
0.350000,0.790000,0.999539
0.370000,0.790000,0.999369
0.390000,0.790000,0.999170
0.410000,0.790000,0.998950
0.430000,0.790000,0.998724
0.450000,0.790000,0.998509
0.470000,0.790000,0.998325
0.490000,0.790000,0.998190
0.510000,0.790000,0.998119
0.530000,0.790000,0.998121
0.550000,0.790000,0.998194
0.570000,0.790000,0.998331
0.590000,0.790000,0.998516
0.610000,0.790000,0.998731
0.630000,0.790000,0.998956
0.650000,0.790000,0.999174
0.670000,0.790000,0.999371
0.690000,0.790000,0.999539
0.710000,0.790000,0.999675
0.730000,0.790000,0.999780
0.750000,0.790000,0.999856
0.770000,0.790000,0.999910
0.790000,0.790000,0.999945
0.810000,0.790000,0.999968
0.830000,0.790000,0.999982
0.850000,0.790000,0.999990
0.870000,0.790000,0.999995
0.890000,0.790000,0.999998
0.910000,0.790000,0.999999
0.930000,0.790000,0.999999
0.950000,0.790000,1.000000
0.970000,0.790000,1.000000
0.990000,0.790000,1.000000
1.010000,0.790000,1.000000
-0.010000,0.810000,1.000000
0.010000,0.810000,1.000000
0.030000,0.810000,1.000000
0.050000,0.810000,1.000000
0.070000,0.810000,1.000000
0.090000,0.810000,1.000000
0.110000,0.810000,1.000000
0.130000,0.810000,0.999999
0.150000,0.810000,0.999999
0.170000,0.810000,0.999997
0.190000,0.810000,0.999995
0.210000,0.810000,0.999990
0.230000,0.810000,0.999982
0.250000,0.810000,0.999968
0.270000,0.810000,0.999947
0.290000,0.810000,0.999915
0.310000,0.810000,0.999870
0.330000,0.810000,0.999807
0.350000,0.810000,0.999725
0.370000,0.810000,0.999624
0.390000,0.810000,0.999505
0.410000,0.810000,0.999374
0.430000,0.810000,0.999240
0.450000,0.810000,0.999111
0.470000,0.810000,0.999001
0.490000,0.810000,0.998921
0.510000,0.810000,0.998879
0.530000,0.810000,0.998880
0.550000,0.810000,0.998923
0.570000,0.810000,0.999005
0.590000,0.810000,0.999115
0.610000,0.810000,0.999244
0.630000,0.810000,0.999378
0.650000,0.810000,0.999508
0.670000,0.810000,0.999625
0.690000,0.810000,0.999725
0.710000,0.810000,0.999806
0.730000,0.810000,0.999869
0.750000,0.810000,0.999914
0.770000,0.810000,0.999946
0.790000,0.810000,0.999967
0.810000,0.810000,0.999981
0.830000,0.810000,0.999989
0.850000,0.810000,0.999994
0.870000,0.810000,0.999997
0.890000,0.810000,0.999999
0.910000,0.810000,0.999999
0.930000,0.810000,1.000000
0.950000,0.810000,1.000000
0.970000,0.810000,1.000000
0.990000,0.810000,1.000000
1.010000,0.810000,1.000000
-0.010000,0.830000,1.000000
0.010000,0.830000,1.000000
0.030000,0.830000,1.000000
0.050000,0.830000,1.000000
0.070000,0.830000,1.000000
0.090000,0.830000,1.000000
0.110000,0.830000,1.000000
0.130000,0.830000,1.000000
0.150000,0.830000,0.999999
0.170000,0.830000,0.999998
0.190000,0.830000,0.999997
0.210000,0.830000,0.999994
0.230000,0.830000,0.999990
0.250000,0.830000,0.999982
0.270000,0.830000,0.999970
0.290000,0.830000,0.999952
0.310000,0.830000,0.999925
0.330000,0.830000,0.999890
0.350000,0.830000,0.999843
0.370000,0.830000,0.999785
0.390000,0.830000,0.999717
0.410000,0.830000,0.999643
0.430000,0.830000,0.999566
0.450000,0.830000,0.999493
0.470000,0.830000,0.999430
0.490000,0.830000,0.999384
0.510000,0.830000,0.999360
0.530000,0.830000,0.999360
0.550000,0.830000,0.999385
0.570000,0.830000,0.999432
0.590000,0.830000,0.999495
0.610000,0.830000,0.999568
0.630000,0.830000,0.999645
0.650000,0.830000,0.999719
0.670000,0.830000,0.999786
0.690000,0.830000,0.999843
0.710000,0.830000,0.999889
0.730000,0.830000,0.999925
0.750000,0.830000,0.999951
0.770000,0.830000,0.999969
0.790000,0.830000,0.999981
0.810000,0.830000,0.999989
0.830000,0.830000,0.999994
0.850000,0.830000,0.999997
0.870000,0.830000,0.999998
0.890000,0.830000,0.999999
0.910000,0.830000,1.000000
0.930000,0.830000,1.000000
0.950000,0.830000,1.000000
0.970000,0.830000,1.000000
0.990000,0.830000,1.000000
1.010000,0.830000,1.000000
-0.010000,0.850000,1.000000
0.010000,0.850000,1.000000
0.030000,0.850000,1.000000
0.050000,0.850000,1.000000
0.070000,0.850000,1.000000
0.090000,0.850000,1.000000
0.110000,0.850000,1.000000
0.130000,0.850000,1.000000
0.150000,0.850000,1.000000
0.170000,0.850000,0.999999
0.190000,0.850000,0.999998
0.210000,0.850000,0.999997
0.230000,0.850000,0.999994
0.250000,0.850000,0.999990
0.270000,0.850000,0.999983
0.290000,0.850000,0.999974
0.310000,0.850000,0.999959
0.330000,0.850000,0.999940
0.350000,0.850000,0.999914
0.370000,0.850000,0.999882
0.390000,0.850000,0.999845
0.410000,0.850000,0.999804
0.430000,0.850000,0.999762
0.450000,0.850000,0.999722
0.470000,0.850000,0.999688
0.490000,0.850000,0.999663
0.510000,0.850000,0.999650
0.530000,0.850000,0.999650
0.550000,0.850000,0.999664
0.570000,0.850000,0.999689
0.590000,0.850000,0.999724
0.610000,0.850000,0.999764
0.630000,0.850000,0.999805
0.650000,0.850000,0.999846
0.670000,0.850000,0.999883
0.690000,0.850000,0.999914
0.710000,0.850000,0.999939
0.730000,0.850000,0.999959
0.750000,0.850000,0.999973
0.770000,0.850000,0.999983
0.790000,0.850000,0.999990
0.810000,0.850000,0.999994
0.830000,0.850000,0.999997
0.850000,0.850000,0.999998
0.870000,0.850000,0.999999
0.890000,0.850000,1.000000
0.910000,0.850000,1.000000
0.930000,0.850000,1.000000
0.950000,0.850000,1.000000
0.970000,0.850000,1.000000
0.990000,0.850000,1.000000
1.010000,0.850000,1.000000
-0.010000,0.870000,1.000000
0.010000,0.870000,1.000000
0.030000,0.870000,1.000000
0.050000,0.870000,1.000000
0.070000,0.870000,1.000000
0.090000,0.870000,1.000000
0.110000,0.870000,1.000000
0.130000,0.870000,1.000000
0.150000,0.870000,1.000000
0.170000,0.870000,1.000000
0.190000,0.870000,0.999999
0.210000,0.870000,0.999998
0.230000,0.870000,0.999997
0.250000,0.870000,0.999995
0.270000,0.870000,0.999991
0.290000,0.870000,0.999986
0.310000,0.870000,0.999979
0.330000,0.870000,0.999968
0.350000,0.870000,0.999955
0.370000,0.870000,0.999938
0.390000,0.870000,0.999919
0.410000,0.870000,0.999897
0.430000,0.870000,0.999875
0.450000,0.870000,0.999854
0.470000,0.870000,0.999836
0.490000,0.870000,0.999823
0.510000,0.870000,0.999816
0.530000,0.870000,0.999816
0.550000,0.870000,0.999823
0.570000,0.870000,0.999837
0.590000,0.870000,0.999855
0.610000,0.870000,0.999876
0.630000,0.870000,0.999898
0.650000,0.870000,0.999919
0.670000,0.870000,0.999938
0.690000,0.870000,0.999955
0.710000,0.870000,0.999968
0.730000,0.870000,0.999978
0.750000,0.870000,0.999986
0.770000,0.870000,0.999991
0.790000,0.870000,0.999995
0.810000,0.870000,0.999997
0.830000,0.870000,0.999998
0.850000,0.870000,0.999999
0.870000,0.870000,1.000000
0.890000,0.870000,1.000000
0.910000,0.870000,1.000000
0.930000,0.870000,1.000000
0.950000,0.870000,1.000000
0.970000,0.870000,1.000000
0.990000,0.870000,1.000000
1.010000,0.870000,1.000000
-0.010000,0.890000,1.000000
0.010000,0.890000,1.000000
0.030000,0.890000,1.000000
0.050000,0.890000,1.000000
0.070000,0.890000,1.000000
0.090000,0.890000,1.000000
0.110000,0.890000,1.000000
0.130000,0.890000,1.000000
0.150000,0.890000,1.000000
0.170000,0.890000,1.000000
0.190000,0.890000,1.000000
0.210000,0.890000,0.999999
0.230000,0.890000,0.999998
0.250000,0.890000,0.999997
0.270000,0.890000,0.999996
0.290000,0.890000,0.999993
0.310000,0.890000,0.999989
0.330000,0.890000,0.999984
0.350000,0.890000,0.999977
0.370000,0.890000,0.999969
0.390000,0.890000,0.999959
0.410000,0.890000,0.999948
0.430000,0.890000,0.999937
0.450000,0.890000,0.999927
0.470000,0.890000,0.999918
0.490000,0.890000,0.999911
0.510000,0.890000,0.999907
0.530000,0.890000,0.999908
0.550000,0.890000,0.999911
0.570000,0.890000,0.999918
0.590000,0.890000,0.999927
0.610000,0.890000,0.999938
0.630000,0.890000,0.999949
0.650000,0.890000,0.999959
0.670000,0.890000,0.999969
0.690000,0.890000,0.999977
0.710000,0.890000,0.999984
0.730000,0.890000,0.999989
0.750000,0.890000,0.999993
0.770000,0.890000,0.999996
0.790000,0.890000,0.999997
0.810000,0.890000,0.999998
0.830000,0.890000,0.999999
0.850000,0.890000,1.000000
0.870000,0.890000,1.000000
0.890000,0.890000,1.000000
0.910000,0.890000,1.000000
0.930000,0.890000,1.000000
0.950000,0.890000,1.000000
0.970000,0.890000,1.000000
0.990000,0.890000,1.000000
1.010000,0.890000,1.000000
-0.010000,0.910000,1.000000
0.010000,0.910000,1.000000
0.030000,0.910000,1.000000
0.050000,0.910000,1.000000
0.070000,0.910000,1.000000
0.090000,0.910000,1.000000
0.110000,0.910000,1.000000
0.130000,0.910000,1.000000
0.150000,0.910000,1.000000
0.170000,0.910000,1.000000
0.190000,0.910000,1.000000
0.210000,0.910000,1.000000
0.230000,0.910000,0.999999
0.250000,0.910000,0.999999
0.270000,0.910000,0.999998
0.290000,0.910000,0.999997
0.310000,0.910000,0.999995
0.330000,0.910000,0.999992
0.350000,0.910000,0.999989
0.370000,0.910000,0.999985
0.390000,0.910000,0.999980
0.410000,0.910000,0.999975
0.430000,0.910000,0.999970
0.450000,0.910000,0.999965
0.470000,0.910000,0.999960
0.490000,0.910000,0.999957
0.510000,0.910000,0.999955
0.530000,0.910000,0.999955
0.550000,0.910000,0.999957
0.570000,0.910000,0.999960
0.590000,0.910000,0.999965
0.610000,0.910000,0.999970
0.630000,0.910000,0.999975
0.650000,0.910000,0.999980
0.670000,0.910000,0.999985
0.690000,0.910000,0.999989
0.710000,0.910000,0.999992
0.730000,0.910000,0.999995
0.750000,0.910000,0.999997
0.770000,0.910000,0.999998
0.790000,0.910000,0.999999
0.810000,0.910000,0.999999
0.830000,0.910000,1.000000
0.850000,0.910000,1.000000
0.870000,0.910000,1.000000
0.890000,0.910000,1.000000
0.910000,0.910000,1.000000
0.930000,0.910000,1.000000
0.950000,0.910000,1.000000
0.970000,0.910000,1.000000
0.990000,0.910000,1.000000
1.010000,0.910000,1.000000
-0.010000,0.930000,1.000000
0.010000,0.930000,1.000000
0.030000,0.930000,1.000000
0.050000,0.930000,1.000000
0.070000,0.930000,1.000000
0.090000,0.930000,1.000000
0.110000,0.930000,1.000000
0.130000,0.930000,1.000000
0.150000,0.930000,1.000000
0.170000,0.930000,1.000000
0.190000,0.930000,1.000000
0.210000,0.930000,1.000000
0.230000,0.930000,1.000000
0.250000,0.930000,0.999999
0.270000,0.930000,0.999999
0.290000,0.930000,0.999998
0.310000,0.930000,0.999998
0.330000,0.930000,0.999996
0.350000,0.930000,0.999995
0.370000,0.930000,0.999993
0.390000,0.930000,0.999991
0.410000,0.930000,0.999988
0.430000,0.930000,0.999986
0.450000,0.930000,0.999984
0.470000,0.930000,0.999982
0.490000,0.930000,0.999980
0.510000,0.930000,0.999979
0.530000,0.930000,0.999979
0.550000,0.930000,0.999980
0.570000,0.930000,0.999982
0.590000,0.930000,0.999984
0.610000,0.930000,0.999986
0.630000,0.930000,0.999988
0.650000,0.930000,0.999991
0.670000,0.930000,0.999993
0.690000,0.930000,0.999995
0.710000,0.930000,0.999996
0.730000,0.930000,0.999998
0.750000,0.930000,0.999998
0.770000,0.930000,0.999999
0.790000,0.930000,0.999999
0.810000,0.930000,1.000000
0.830000,0.930000,1.000000
0.850000,0.930000,1.000000
0.870000,0.930000,1.000000
0.890000,0.930000,1.000000
0.910000,0.930000,1.000000
0.930000,0.930000,1.000000
0.950000,0.930000,1.000000
0.970000,0.930000,1.000000
0.990000,0.930000,1.000000
1.010000,0.930000,1.000000
-0.010000,0.950000,1.000000
0.010000,0.950000,1.000000
0.030000,0.950000,1.000000
0.050000,0.950000,1.000000
0.070000,0.950000,1.000000
0.090000,0.950000,1.000000
0.110000,0.950000,1.000000
0.130000,0.950000,1.000000
0.150000,0.950000,1.000000
0.170000,0.950000,1.000000
0.190000,0.950000,1.000000
0.210000,0.950000,1.000000
0.230000,0.950000,1.000000
0.250000,0.950000,1.000000
0.270000,0.950000,1.000000
0.290000,0.950000,0.999999
0.310000,0.950000,0.999999
0.330000,0.950000,0.999998
0.350000,0.950000,0.999998
0.370000,0.950000,0.999997
0.390000,0.950000,0.999996
0.410000,0.950000,0.999995
0.430000,0.950000,0.999994
0.450000,0.950000,0.999993
0.470000,0.950000,0.999992
0.490000,0.950000,0.999991
0.510000,0.950000,0.999991
0.530000,0.950000,0.999991
0.550000,0.950000,0.999991
0.570000,0.950000,0.999992
0.590000,0.950000,0.999993
0.610000,0.950000,0.999994
0.630000,0.950000,0.999995
0.650000,0.950000,0.999996
0.670000,0.950000,0.999997
0.690000,0.950000,0.999998
0.710000,0.950000,0.999998
0.730000,0.950000,0.999999
0.750000,0.950000,0.999999
0.770000,0.950000,1.000000
0.790000,0.950000,1.000000
0.810000,0.950000,1.000000
0.830000,0.950000,1.000000
0.850000,0.950000,1.000000
0.870000,0.950000,1.000000
0.890000,0.950000,1.000000
0.910000,0.950000,1.000000
0.930000,0.950000,1.000000
0.950000,0.950000,1.000000
0.970000,0.950000,1.000000
0.990000,0.950000,1.000000
1.010000,0.950000,1.000000
-0.010000,0.970000,1.000000
0.010000,0.970000,1.000000
0.030000,0.970000,1.000000
0.050000,0.970000,1.000000
0.070000,0.970000,1.000000
0.090000,0.970000,1.000000
0.110000,0.970000,1.000000
0.130000,0.970000,1.000000
0.150000,0.970000,1.000000
0.170000,0.970000,1.000000
0.190000,0.970000,1.000000
0.210000,0.970000,1.000000
0.230000,0.970000,1.000000
0.250000,0.970000,1.000000
0.270000,0.970000,1.000000
0.290000,0.970000,1.000000
0.310000,0.970000,1.000000
0.330000,0.970000,0.999999
0.350000,0.970000,0.999999
0.370000,0.970000,0.999999
0.390000,0.970000,0.999998
0.410000,0.970000,0.999998
0.430000,0.970000,0.999997
0.450000,0.970000,0.999997
0.470000,0.970000,0.999997
0.490000,0.970000,0.999996
0.510000,0.970000,0.999996
0.530000,0.970000,0.999996
0.550000,0.970000,0.999996
0.570000,0.970000,0.999997
0.590000,0.970000,0.999997
0.610000,0.970000,0.999997
0.630000,0.970000,0.999998
0.650000,0.970000,0.999998
0.670000,0.970000,0.999999
0.690000,0.970000,0.999999
0.710000,0.970000,0.999999
0.730000,0.970000,1.000000
0.750000,0.970000,1.000000
0.770000,0.970000,1.000000
0.790000,0.970000,1.000000
0.810000,0.970000,1.000000
0.830000,0.970000,1.000000
0.850000,0.970000,1.000000
0.870000,0.970000,1.000000
0.890000,0.970000,1.000000
0.910000,0.970000,1.000000
0.930000,0.970000,1.000000
0.950000,0.970000,1.000000
0.970000,0.970000,1.000000
0.990000,0.970000,1.000000
1.010000,0.970000,1.000000
-0.010000,0.990000,1.000000
0.010000,0.990000,1.000000
0.030000,0.990000,1.000000
0.050000,0.990000,1.000000
0.070000,0.990000,1.000000
0.090000,0.990000,1.000000
0.110000,0.990000,1.000000
0.130000,0.990000,1.000000
0.150000,0.990000,1.000000
0.170000,0.990000,1.000000
0.190000,0.990000,1.000000
0.210000,0.990000,1.000000
0.230000,0.990000,1.000000
0.250000,0.990000,1.000000
0.270000,0.990000,1.000000
0.290000,0.990000,1.000000
0.310000,0.990000,1.000000
0.330000,0.990000,1.000000
0.350000,0.990000,1.000000
0.370000,0.990000,1.000000
0.390000,0.990000,0.999999
0.410000,0.990000,0.999999
0.430000,0.990000,0.999999
0.450000,0.990000,0.999999
0.470000,0.990000,0.999999
0.490000,0.990000,0.999999
0.510000,0.990000,0.999999
0.530000,0.990000,0.999999
0.550000,0.990000,0.999999
0.570000,0.990000,0.999999
0.590000,0.990000,0.999999
0.610000,0.990000,0.999999
0.630000,0.990000,0.999999
0.650000,0.990000,0.999999
0.670000,0.990000,1.000000
0.690000,0.990000,1.000000
0.710000,0.990000,1.000000
0.730000,0.990000,1.000000
0.750000,0.990000,1.000000
0.770000,0.990000,1.000000
0.790000,0.990000,1.000000
0.810000,0.990000,1.000000
0.830000,0.990000,1.000000
0.850000,0.990000,1.000000
0.870000,0.990000,1.000000
0.890000,0.990000,1.000000
0.910000,0.990000,1.000000
0.930000,0.990000,1.000000
0.950000,0.990000,1.000000
0.970000,0.990000,1.000000
0.990000,0.990000,1.000000
1.010000,0.990000,1.000000
-0.010000,1.010000,1.000000
0.010000,1.010000,1.000000
0.030000,1.010000,1.000000
0.050000,1.010000,1.000000
0.070000,1.010000,1.000000
0.090000,1.010000,1.000000
0.110000,1.010000,1.000000
0.130000,1.010000,1.000000
0.150000,1.010000,1.000000
0.170000,1.010000,1.000000
0.190000,1.010000,1.000000
0.210000,1.010000,1.000000
0.230000,1.010000,1.000000
0.250000,1.010000,1.000000
0.270000,1.010000,1.000000
0.290000,1.010000,1.000000
0.310000,1.010000,1.000000
0.330000,1.010000,1.000000
0.350000,1.010000,1.000000
0.370000,1.010000,1.000000
0.390000,1.010000,1.000001
0.410000,1.010000,1.000001
0.430000,1.010000,1.000001
0.450000,1.010000,1.000001
0.470000,1.010000,1.000001
0.490000,1.010000,1.000001
0.510000,1.010000,1.000001
0.530000,1.010000,1.000001
0.550000,1.010000,1.000001
0.570000,1.010000,1.000001
0.590000,1.010000,1.000001
0.610000,1.010000,1.000001
0.630000,1.010000,1.000001
0.650000,1.010000,1.000001
0.670000,1.010000,1.000000
0.690000,1.010000,1.000000
0.710000,1.010000,1.000000
0.730000,1.010000,1.000000
0.750000,1.010000,1.000000
0.770000,1.010000,1.000000
0.790000,1.010000,1.000000
0.810000,1.010000,1.000000
0.830000,1.010000,1.000000
0.850000,1.010000,1.000000
0.870000,1.010000,1.000000
0.890000,1.010000,1.000000
0.910000,1.010000,1.000000
0.930000,1.010000,1.000000
0.950000,1.010000,1.000000
0.970000,1.010000,1.000000
0.990000,1.010000,1.000000
1.010000,1.010000,1.000000
